#t x v
0.000000 1.99999 -0.0147938
0.010000 2.00107 0.156846
0.020000 2.00488 0.497874
0.030000 2.01051 0.595361
0.040000 2.01688 0.664764
0.050000 2.02257 0.522757
0.060000 2.02668 0.346713
0.070000 2.03064 0.410239
0.080000 2.03025 -0.288138
0.090000 2.02598 -0.508139
0.100000 2.02186 -0.354678
0.110000 2.01733 -0.494379
0.120000 2.01156 -0.634414
0.130000 2.00176 -1.17215
0.140000 1.98914 -1.29723
0.150000 1.97576 -1.36129
0.160000 1.96367 -1.124
0.170000 1.9534 -0.97582
0.180000 1.94259 -1.13402
0.190000 1.93102 -1.17879
0.200000 1.91846 -1.31763
0.210000 1.90624 -1.17935
0.220000 1.89514 -1.08845
0.230000 1.8838 -1.17626
0.240000 1.86995 -1.48783
0.250000 1.85528 -1.43976
0.260000 1.84139 -1.37337
0.270000 1.82781 -1.36229
0.280000 1.81378 -1.43586
0.290000 1.79838 -1.56652
0.300000 1.78193 -1.68397
0.310000 1.76738 -1.3321
0.320000 1.7547 -1.22518
0.330000 1.74308 -1.13228
0.340000 1.73213 -1.06767
0.350000 1.71871 -1.46834
0.360000 1.70177 -1.7968
0.370000 1.68513 -1.6046
0.380000 1.672 -1.17932
0.390000 1.66197 -0.915292
0.400000 1.65139 -1.12781
0.410000 1.63831 -1.38989
0.420000 1.62433 -1.40826
0.430000 1.61047 -1.38153
0.440000 1.59775 -1.23005
0.450000 1.58378 -1.51383
0.460000 1.56811 -1.60514
0.470000 1.55353 -1.38529
0.480000 1.53984 -1.37436
0.490000 1.52443 -1.62177
0.500000 1.50862 -1.56833
0.510000 1.49392 -1.42151
0.520000 1.47769 -1.69371
0.530000 1.4591 -1.95591
0.540000 1.43989 -1.89221
0.550000 1.42136 -1.82509
0.560000 1.40533 -1.48904
0.570000 1.39167 -1.30806
0.580000 1.3793 -1.18895
0.590000 1.36896 -0.95315
0.600000 1.35948 -0.932778
0.610000 1.34887 -1.13738
0.620000 1.33654 -1.27237
0.630000 1.32481 -1.10232
0.640000 1.31367 -1.14324
0.650000 1.30322 -0.992653
0.660000 1.29092 -1.34862
0.670000 1.2771 -1.38561
0.680000 1.26204 -1.56996
0.690000 1.24351 -1.99437
0.700000 1.22672 -1.51387
0.710000 1.21334 -1.24045
0.720000 1.19897 -1.52754
0.730000 1.1831 -1.59185
0.740000 1.16632 -1.69712
0.750000 1.14928 -1.71922
0.760000 1.13074 -1.91105
0.770000 1.11216 -1.83919
0.780000 1.09208 -2.1076
0.790000 1.07 -2.25967
0.800000 1.04816 -2.13587
0.810000 1.02438 -2.48984
0.820000 0.999873 -2.43297
0.830000 0.976587 -2.26319
0.840000 0.954068 -2.23972
0.850000 0.932398 -2.13205
0.860000 0.912117 -1.98868
0.870000 0.893359 -1.80911
0.880000 0.875199 -1.79286
0.890000 0.855387 -2.07266
0.900000 0.835125 -2.0022
0.910000 0.81486 -2.03389
0.920000 0.793242 -2.24479
0.930000 0.771856 -2.08281
0.940000 0.751239 -2.03008
0.950000 0.730869 -2.03366
0.960000 0.711816 -1.84224
0.970000 0.691854 -2.04509
0.980000 0.671875 -1.96144
0.990000 0.652103 -2.01142
1.000000 0.632472 -1.94956
1.010000 0.612432 -2.04372
1.020000 0.591208 -2.15971
1.030000 0.568247 -2.37712
1.040000 0.544536 -2.36686
1.050000 0.521284 -2.29786
1.060000 0.498455 -2.27653
1.070000 0.478107 -1.92262
1.080000 0.459232 -1.86105
1.090000 0.439375 -2.04078
1.100000 0.418669 -2.08002
1.110000 0.39929 -1.8717
1.120000 0.380563 -1.87384
1.130000 0.360493 -2.06211
1.140000 0.338965 -2.19456
1.150000 0.317472 -2.13133
1.160000 0.29553 -2.21607
1.170000 0.272825 -2.28782
1.180000 0.249762 -2.30519
1.190000 0.225607 -2.44793
1.200000 0.199884 -2.63307
1.210000 0.174336 -2.50807
1.220000 0.1494 -2.49306
1.230000 0.124328 -2.48543
1.240000 0.102073 -2.09015
1.250000 0.0810263 -2.11847
1.260000 0.0597184 -2.13377
1.270000 0.0367538 -2.38557
1.280000 0.0114032 -2.59132
1.290000 -0.0131969 -2.38701
1.300000 -0.037204 -2.39912
1.310000 -0.0617358 -2.4885
1.320000 -0.0879246 -2.68819
1.330000 -0.114507 -2.63021
1.340000 -0.139898 -2.48417
1.350000 -0.164375 -2.4025
1.360000 -0.18815 -2.3548
1.370000 -0.212431 -2.4509
1.380000 -0.237161 -2.48319
1.390000 -0.260697 -2.27638
1.400000 -0.282435 -2.09774
1.410000 -0.303235 -2.07667
1.420000 -0.325515 -2.28696
1.430000 -0.347306 -2.12553
1.440000 -0.367714 -2.00875
1.450000 -0.389008 -2.18028
1.460000 -0.40983 -2.03844
1.470000 -0.429998 -1.99065
1.480000 -0.449181 -1.8712
1.490000 -0.467592 -1.84723
1.500000 -0.485659 -1.76976
1.510000 -0.504866 -1.98776
1.520000 -0.525482 -2.10306
1.530000 -0.546299 -2.07011
1.540000 -0.566156 -1.92914
1.550000 -0.586788 -2.10889
1.560000 -0.607847 -2.09035
1.570000 -0.627589 -1.89979
1.580000 -0.645802 -1.79739
1.590000 -0.665957 -2.12022
1.600000 -0.687662 -2.18531
1.610000 -0.708253 -1.98025
1.620000 -0.727322 -1.8768
1.630000 -0.744271 -1.6096
1.640000 -0.760377 -1.61805
1.650000 -0.777944 -1.81752
1.660000 -0.796414 -1.84654
1.670000 -0.816198 -2.01751
1.680000 -0.837702 -2.19432
1.690000 -0.860594 -2.33909
1.700000 -0.882453 -2.11028
1.710000 -0.903546 -2.09615
1.720000 -0.925746 -2.28375
1.730000 -0.946761 -1.98692
1.740000 -0.966484 -1.96763
1.750000 -0.985989 -1.91043
1.760000 -1.00411 -1.76647
1.770000 -1.02049 -1.57551
1.780000 -1.03763 -1.755
1.790000 -1.05602 -1.87679
1.800000 -1.07572 -2.00083
1.810000 -1.0944 -1.80856
1.820000 -1.11274 -1.84009
1.830000 -1.13239 -2.00359
1.840000 -1.15253 -1.98858
1.850000 -1.17073 -1.72743
1.860000 -1.18815 -1.71563
1.870000 -1.20605 -1.80772
1.880000 -1.22449 -1.86885
1.890000 -1.24414 -2.00274
1.900000 -1.26294 -1.80412
1.910000 -1.27951 -1.56269
1.920000 -1.29351 -1.31954
1.930000 -1.30744 -1.44413
1.940000 -1.32023 -1.1918
1.950000 -1.3312 -1.04519
1.960000 -1.34023 -0.819296
1.970000 -1.34813 -0.76616
1.980000 -1.3561 -0.801501
1.990000 -1.363 -0.604109
2.000000 -1.36986 -0.711153
2.010000 -1.37556 -0.500015
2.020000 -1.38065 -0.530596
2.030000 -1.38528 -0.43106
2.040000 -1.38721 -0.069949
2.050000 -1.38711 0.0624655
2.060000 -1.38636 0.0828793
2.070000 -1.38684 -0.113529
2.080000 -1.38795 -0.0927934
2.090000 -1.3887 -0.051359
2.100000 -1.39003 -0.175324
2.110000 -1.39011 0.0809495
2.120000 -1.38918 0.0936627
2.130000 -1.38759 0.175655
2.140000 -1.38349 0.542442
2.150000 -1.37827 0.513331
2.160000 -1.37347 0.472856
2.170000 -1.36886 0.456453
2.180000 -1.36394 0.490366
2.190000 -1.36008 0.336266
2.200000 -1.35747 0.244114
2.210000 -1.35611 0.0848641
2.220000 -1.35466 0.1641
2.230000 -1.35224 0.2831
2.240000 -1.35062 0.115951
2.250000 -1.34922 0.143313
2.260000 -1.34941 -0.106685
2.270000 -1.34938 0.0491662
2.280000 -1.34742 0.267501
2.290000 -1.34687 -0.0473075
2.300000 -1.34473 0.341294
2.310000 -1.34195 0.250495
2.320000 -1.33999 0.177223
2.330000 -1.33852 0.116685
2.340000 -1.33569 0.377674
2.350000 -1.33296 0.218166
2.360000 -1.33118 0.157004
2.370000 -1.32958 0.156901
2.380000 -1.32784 0.170699
2.390000 -1.32602 0.209401
2.400000 -1.32276 0.376135
2.410000 -1.32141 0.013736
2.420000 -1.32111 0.0448747
2.430000 -1.32099 -0.0158842
2.440000 -1.31997 0.170721
2.450000 -1.31793 0.228637
2.460000 -1.31737 -0.00522677
2.470000 -1.3186 -0.204349
2.480000 -1.31791 0.205798
2.490000 -1.31588 0.179389
2.500000 -1.31449 0.130198
2.510000 -1.31332 0.116456
2.520000 -1.31192 0.1521
2.530000 -1.3105 0.144661
2.540000 -1.31232 -0.352942
2.550000 -1.31545 -0.303039
2.560000 -1.31976 -0.47103
2.570000 -1.32629 -0.747922
2.580000 -1.33332 -0.666415
2.590000 -1.34142 -0.875207
2.600000 -1.35015 -0.872993
2.610000 -1.35916 -0.909086
2.620000 -1.36775 -0.822268
2.630000 -1.37375 -0.495699
2.640000 -1.37886 -0.528812
2.650000 -1.38436 -0.53774
2.660000 -1.39047 -0.631383
2.670000 -1.39625 -0.531743
2.680000 -1.40209 -0.582964
2.690000 -1.40653 -0.357826
2.700000 -1.40799 -0.0357936
2.710000 -1.40987 -0.249885
2.720000 -1.41237 -0.256738
2.730000 -1.41481 -0.211872
2.740000 -1.41705 -0.235475
2.750000 -1.41878 -0.135901
2.760000 -1.42193 -0.418982
2.770000 -1.42439 -0.153687
2.780000 -1.42573 -0.125666
2.790000 -1.4273 -0.175637
2.800000 -1.42912 -0.183323
2.810000 -1.43117 -0.206254
2.820000 -1.43396 -0.309991
2.830000 -1.43802 -0.428247
2.840000 -1.44282 -0.511351
2.850000 -1.44889 -0.654789
2.860000 -1.45749 -0.974018
2.870000 -1.46941 -1.30013
2.880000 -1.48299 -1.37346
2.890000 -1.49609 -1.29884
2.900000 -1.50797 -1.13616
2.910000 -1.51967 -1.21989
2.920000 -1.53444 -1.6019
2.930000 -1.54934 -1.42811
2.940000 -1.56435 -1.52806
2.950000 -1.58067 -1.69161
2.960000 -1.59823 -1.77133
2.970000 -1.61684 -1.88076
2.980000 -1.63513 -1.78689
2.990000 -1.65363 -1.87623
3.000000 -1.67306 -1.95657
3.010000 -1.69218 -1.89548
3.020000 -1.70914 -1.56952
3.030000 -1.72445 -1.49488
3.040000 -1.7393 -1.46795
3.050000 -1.75083 -1.01818
3.060000 -1.76096 -0.996122
3.070000 -1.76959 -0.773316
3.080000 -1.77834 -0.923231
3.090000 -1.78638 -0.743743
3.100000 -1.7947 -0.861333
3.110000 -1.80388 -0.936925
3.120000 -1.81258 -0.832002
3.130000 -1.82016 -0.728834
3.140000 -1.82795 -0.811015
3.150000 -1.83691 -0.938173
3.160000 -1.84596 -0.880099
3.170000 -1.85395 -0.738055
3.180000 -1.86222 -0.857452
3.190000 -1.87148 -0.963022
3.200000 -1.88123 -0.969018
3.210000 -1.89118 -0.996834
3.220000 -1.90429 -1.46522
3.230000 -1.91834 -1.35743
3.240000 -1.93238 -1.42533
3.250000 -1.94674 -1.42659
3.260000 -1.962 -1.58006
3.270000 -1.97768 -1.54662
3.280000 -1.99461 -1.76081
3.290000 -2.01498 -2.1746
3.300000 -2.03632 -2.10129
3.310000 -2.05648 -1.97366
3.320000 -2.07634 -1.98427
3.330000 -2.09653 -2.02784
3.340000 -2.11655 -1.96663
3.350000 -2.13476 -1.73862
3.360000 -2.15104 -1.55868
3.370000 -2.16828 -1.79475
3.380000 -2.1861 -1.75632
3.390000 -2.20384 -1.77439
3.400000 -2.22209 -1.85272
3.410000 -2.24026 -1.77394
3.420000 -2.25848 -1.82848
3.430000 -2.27597 -1.71902
3.440000 -2.29416 -1.84525
3.450000 -2.31447 -2.12788
3.460000 -2.3371 -2.31734
3.470000 -2.36068 -2.38146
3.480000 -2.38419 -2.32233
3.490000 -2.40661 -2.19542
3.500000 -2.42937 -2.30377
3.510000 -2.45109 -2.08672
3.520000 -2.47266 -2.17295
3.530000 -2.49623 -2.45122
3.540000 -2.51833 -2.07942
3.550000 -2.53896 -2.06519
3.560000 -2.56082 -2.23162
3.570000 -2.58179 -2.01234
3.580000 -2.60114 -1.88049
3.590000 -2.62114 -2.03419
3.600000 -2.64342 -2.30414
3.610000 -2.66462 -2.01507
3.620000 -2.68376 -1.84926
3.630000 -2.70244 -1.8533
3.640000 -2.72065 -1.78856
3.650000 -2.73823 -1.73475
3.660000 -2.75613 -1.81892
3.670000 -2.77612 -2.09365
3.680000 -2.79653 -1.9946
3.690000 -2.81613 -1.93825
3.700000 -2.83675 -2.11752
3.710000 -2.85914 -2.27801
3.720000 -2.88197 -2.26105
3.730000 -2.90388 -2.12784
3.740000 -2.92751 -2.46679
3.750000 -2.95128 -2.33807
3.760000 -2.97332 -2.12194
3.770000 -2.99656 -2.41918
3.780000 -3.0193 -2.20263
3.790000 -3.04089 -2.12889
3.800000 -3.06215 -2.11516
3.810000 -3.08253 -2.00108
3.820000 -3.10029 -1.66313
3.830000 -3.11583 -1.51227
3.840000 -3.12968 -1.29181
3.850000 -3.14216 -1.21584
3.860000 -3.15354 -1.06585
3.870000 -3.16352 -0.961012
3.880000 -3.17274 -0.880766
3.890000 -3.17967 -0.620463
3.900000 -3.18508 -0.506063
3.910000 -3.19035 -0.538168
3.920000 -3.19624 -0.608053
3.930000 -3.2034 -0.755716
3.940000 -3.21153 -0.82645
3.950000 -3.21969 -0.814168
3.960000 -3.2267 -0.631915
3.970000 -3.2327 -0.570202
3.980000 -3.23829 -0.551039
3.990000 -3.24339 -0.498419
4.000000 -3.24813 -0.438623
4.010000 -3.25076 -0.162456
4.020000 -3.25097 0.0647993
4.030000 -3.25024 0.0983059
4.040000 -3.24789 0.299297
4.050000 -3.24527 0.238893
4.060000 -3.24389 0.108424
4.070000 -3.24173 0.280799
4.080000 -3.23867 0.306518
4.090000 -3.23459 0.464036
4.100000 -3.23142 0.250294
4.110000 -3.2278 0.410257
4.120000 -3.22319 0.481006
4.130000 -3.21838 0.489715
4.140000 -3.2128 0.609334
4.150000 -3.20474 0.921554
4.160000 -3.19672 0.728497
4.170000 -3.18894 0.79774
4.180000 -3.18276 0.516676
4.190000 -3.177 0.606796
4.200000 -3.17081 0.64366
4.210000 -3.16471 0.590504
4.220000 -3.15847 0.651376
4.230000 -3.1532 0.467021
4.240000 -3.14891 0.416009
4.250000 -3.14422 0.492382
4.260000 -3.13905 0.556001
4.270000 -3.13384 0.516207
4.280000 -3.12726 0.71749
4.290000 -3.11949 0.80759
4.300000 -3.11074 0.909516
4.310000 -3.10037 1.12267
4.320000 -3.09024 0.965224
4.330000 -3.08205 0.744763
4.340000 -3.07345 0.908529
4.350000 -3.06259 1.19396
4.360000 -3.05171 1.03073
4.370000 -3.0414 1.02957
4.380000 -3.03133 1.0025
4.390000 -3.02151 0.97643
4.400000 -3.01118 1.0855
4.410000 -3.00065 1.04275
4.420000 -2.99055 0.995933
4.430000 -2.97996 1.1062
4.440000 -2.96846 1.17039
4.450000 -2.95799 0.984889
4.460000 -2.94715 1.12638
4.470000 -2.93698 0.967575
4.480000 -2.92818 0.840523
4.490000 -2.92098 0.643819
4.500000 -2.91389 0.749159
4.510000 -2.90632 0.765823
4.520000 -2.89799 0.882156
4.530000 -2.88813 1.03952
4.540000 -2.87683 1.17675
4.550000 -2.86439 1.2762
4.560000 -2.84952 1.61045
4.570000 -2.83518 1.34307
4.580000 -2.82283 1.20329
4.590000 -2.81023 1.30692
4.600000 -2.79735 1.29233
4.610000 -2.7854 1.16685
4.620000 -2.77345 1.22028
4.630000 -2.76072 1.31059
4.640000 -2.74616 1.53562
4.650000 -2.72978 1.68356
4.660000 -2.71142 1.90351
4.670000 -2.69173 2.00348
4.680000 -2.67093 2.11691
4.690000 -2.64947 2.17634
4.700000 -2.62509 2.56521
4.710000 -2.5989 2.65352
4.720000 -2.57302 2.5608
4.730000 -2.54738 2.55462
4.740000 -2.52154 2.59737
4.750000 -2.4952 2.64108
4.760000 -2.4682 2.72101
4.770000 -2.44038 2.81109
4.780000 -2.41234 2.78921
4.790000 -2.38367 2.90164
4.800000 -2.35417 2.97903
4.810000 -2.32199 3.33014
4.820000 -2.28772 3.47581
4.830000 -2.25178 3.64166
4.840000 -2.21562 3.59387
4.850000 -2.18064 3.41865
4.860000 -2.14602 3.49117
4.870000 -2.11044 3.58688
4.880000 -2.07352 3.73027
4.890000 -2.03695 3.60447
4.900000 -2.00092 3.5854
4.910000 -1.96428 3.69725
4.920000 -1.92566 3.92608
4.930000 -1.88847 3.62807
4.940000 -1.85202 3.65228
4.950000 -1.81657 3.45429
4.960000 -1.78132 3.53732
4.970000 -1.74575 3.54017
4.980000 -1.70938 3.68647
4.990000 -1.67142 3.84925
5.000000 -1.63279 3.88217
5.010000 -1.59375 3.89466
5.020000 -1.55643 3.64189
5.030000 -1.519 3.78288
5.040000 -1.47964 3.98408
5.050000 -1.43849 4.17972
5.060000 -1.39695 4.12281
5.070000 -1.3569 3.94404
5.080000 -1.31753 3.92258
5.090000 -1.27713 4.10591
5.100000 -1.23779 3.84695
5.110000 -1.20145 3.52066
5.120000 -1.16593 3.57421
5.130000 -1.13049 3.53217
5.140000 -1.0937 3.76245
5.150000 -1.05592 3.77376
5.160000 -1.01801 3.79982
5.170000 -0.979973 3.78455
5.180000 -0.942792 3.68463
5.190000 -0.906155 3.65012
5.200000 -0.870168 3.56337
5.210000 -0.832958 3.78145
5.220000 -0.795167 3.76601
5.230000 -0.757051 3.81709
5.240000 -0.718801 3.8201
5.250000 -0.679015 4.0485
5.260000 -0.634452 4.63109
5.270000 -0.587241 4.74331
5.280000 -0.539316 4.8248
5.290000 -0.490666 4.88317
5.300000 -0.443805 4.59413
5.310000 -0.399191 4.39633
5.320000 -0.355913 4.27591
5.330000 -0.311784 4.48248
5.340000 -0.268844 4.18235
5.350000 -0.226699 4.19288
5.360000 -0.184004 4.28174
5.370000 -0.140503 4.37212
5.380000 -0.0962014 4.43565
5.390000 -0.0540677 4.08979
5.400000 -0.0121679 4.21498
5.410000 0.0293111 4.1219
5.420000 0.072622 4.42298
5.430000 0.117666 4.53639
5.440000 0.162608 4.46221
5.450000 0.205468 4.18018
5.460000 0.246652 4.0524
5.470000 0.28821 4.19286
5.480000 0.330018 4.16683
5.490000 0.372289 4.2293
5.500000 0.414386 4.18142
5.510000 0.457145 4.32945
5.520000 0.499608 4.19011
5.530000 0.544121 4.56039
5.540000 0.58722 4.16883
5.550000 0.628131 4.04336
5.560000 0.668589 4.02959
5.570000 0.708274 3.9199
5.580000 0.746527 3.77707
5.590000 0.786822 4.11955
5.600000 0.827481 4.0352
5.610000 0.867183 3.91536
5.620000 0.906716 3.93838
5.630000 0.945661 3.84181
5.640000 0.982784 3.64195
5.650000 1.01797 3.45865
5.660000 1.05034 3.1139
5.670000 1.08138 3.08588
5.680000 1.11275 3.13943
5.690000 1.14363 3.05125
5.700000 1.17399 3.02024
5.710000 1.2039 2.97793
5.720000 1.23595 3.29319
5.730000 1.26807 3.16344
5.740000 1.29935 3.11574
5.750000 1.33172 3.29158
5.760000 1.36401 3.20437
5.770000 1.39554 3.10648
5.780000 1.42513 2.87684
5.790000 1.45185 2.55491
5.800000 1.47896 2.79013
5.810000 1.50785 2.92296
5.820000 1.53626 2.78403
5.830000 1.56165 2.41604
5.840000 1.58425 2.16793
5.850000 1.60369 1.8117
5.860000 1.62076 1.66174
5.870000 1.63575 1.4187
5.880000 1.65097 1.58375
5.890000 1.66644 1.50222
5.900000 1.68078 1.40808
5.910000 1.69327 1.1715
5.920000 1.70607 1.31
5.930000 1.71911 1.30045
5.940000 1.73288 1.423
5.950000 1.74817 1.57891
5.960000 1.76527 1.7948
5.970000 1.78344 1.81143
5.980000 1.80314 2.0279
5.990000 1.82334 2.01744
6.000000 1.84371 2.03435
6.010000 1.86373 1.97086
6.020000 1.88364 1.9832
6.030000 1.90361 1.98873
6.040000 1.92423 2.06959
6.050000 1.94488 2.04868
6.060000 1.96261 1.61444
6.070000 1.97946 1.69844
6.080000 1.99569 1.58852
6.090000 2.01228 1.70169
6.100000 2.03017 1.82688
6.110000 2.04898 1.89665
6.120000 2.06693 1.75586
6.130000 2.08315 1.53265
6.140000 2.10119 1.92369
6.150000 2.12098 1.977
6.160000 2.13996 1.83581
6.170000 2.15783 1.76049
6.180000 2.17457 1.63285
6.190000 2.18983 1.46274
6.200000 2.20257 1.16812
6.210000 2.21351 1.06294
6.220000 2.22334 0.926945
6.230000 2.23306 0.992411
6.240000 2.24231 0.897973
6.250000 2.25042 0.759505
6.260000 2.25759 0.698311
6.270000 2.26549 0.843444
6.280000 2.2737 0.797592
6.290000 2.28338 1.03547
6.300000 2.29333 0.950515
6.310000 2.30252 0.898276
6.320000 2.31137 0.882362
6.330000 2.32126 1.02915
6.340000 2.33193 1.06696
6.350000 2.34244 1.05704
6.360000 2.35303 1.06353
6.370000 2.3626 0.905275
6.380000 2.37117 0.816607
6.390000 2.3778 0.592157
6.400000 2.38335 0.541869
6.410000 2.38817 0.464546
6.420000 2.39093 0.201148
6.430000 2.3954 0.552809
6.440000 2.39777 0.0781274
6.450000 2.39718 -0.142446
6.460000 2.39392 -0.419809
6.470000 2.38855 -0.608994
6.480000 2.38093 -0.840814
6.490000 2.37415 -0.580739
6.500000 2.36992 -0.340173
6.510000 2.36678 -0.295425
6.520000 2.36238 -0.500707
6.530000 2.35949 -0.194214
6.540000 2.35664 -0.345443
6.550000 2.35285 -0.40681
6.560000 2.3491 -0.343126
6.570000 2.34537 -0.39926
6.580000 2.34025 -0.574064
6.590000 2.33565 -0.427467
6.600000 2.33095 -0.504878
6.610000 2.32564 -0.534842
6.620000 2.31793 -0.903574
6.630000 2.30771 -1.08404
6.640000 2.29539 -1.29066
6.650000 2.28424 -1.04224
6.660000 2.27179 -1.3483
6.670000 2.25749 -1.49683
6.680000 2.24203 -1.56649
6.690000 2.22601 -1.62548
6.700000 2.21028 -1.54159
6.710000 2.19254 -1.91621
6.720000 2.17452 -1.76448
6.730000 2.15769 -1.66234
6.740000 2.14157 -1.58031
6.750000 2.12812 -1.20659
6.760000 2.11548 -1.27953
6.770000 2.10139 -1.47256
6.780000 2.08512 -1.70813
6.790000 2.06915 -1.53872
6.800000 2.05495 -1.34886
6.810000 2.03938 -1.67195
6.820000 2.02481 -1.35935
6.830000 2.01119 -1.37851
6.840000 1.99824 -1.26733
6.850000 1.98481 -1.39717
6.860000 1.97103 -1.35042
6.870000 1.95735 -1.37946
6.880000 1.94284 -1.47134
6.890000 1.92734 -1.56938
6.900000 1.91326 -1.32834
6.910000 1.90031 -1.28805
6.920000 1.88892 -1.04829
6.930000 1.87928 -0.929403
6.940000 1.8698 -0.958567
6.950000 1.85902 -1.13907
6.960000 1.84872 -0.974704
6.970000 1.83881 -1.01409
6.980000 1.83015 -0.794956
6.990000 1.82021 -1.10945
7.000000 1.80849 -1.20895
7.010000 1.7974 -1.06977
7.020000 1.78619 -1.15626
7.030000 1.77731 -0.747556
7.040000 1.76794 -1.02593
7.050000 1.75815 -0.955317
7.060000 1.74803 -1.03845
7.070000 1.73985 -0.700649
7.080000 1.73406 -0.525937
7.090000 1.72886 -0.523193
7.100000 1.72577 -0.197715
7.110000 1.72422 -0.135299
7.120000 1.72457 0.110231
7.130000 1.72504 0.0217333
7.140000 1.72711 0.280865
7.150000 1.7307 0.400219
7.160000 1.73508 0.460193
7.170000 1.74012 0.533124
7.180000 1.74512 0.472146
7.190000 1.74828 0.241341
7.200000 1.74832 -0.107672
7.210000 1.74613 -0.268763
7.220000 1.74316 -0.307214
7.230000 1.74117 -0.153785
7.240000 1.74047 -0.0414267
7.250000 1.7394 -0.143265
7.260000 1.73669 -0.34147
7.270000 1.73303 -0.355168
7.280000 1.72965 -0.345418
7.290000 1.72624 -0.321601
7.300000 1.72367 -0.227453
7.310000 1.72249 -0.0807461
7.320000 1.72171 -0.0692229
7.330000 1.72168 0.0158034
7.340000 1.72168 -0.0196353
7.350000 1.72344 0.259048
7.360000 1.72729 0.433951
7.370000 1.73103 0.331446
7.380000 1.73576 0.542704
7.390000 1.74126 0.543181
7.400000 1.74636 0.476435
7.410000 1.75129 0.502872
7.420000 1.75485 0.275307
7.430000 1.75554 -0.0504792
7.440000 1.75542 0.00271536
7.450000 1.75583 0.05926
7.460000 1.75653 0.0658655
7.470000 1.75885 0.2831
7.480000 1.76151 0.242212
7.490000 1.76454 0.318826
7.500000 1.76736 0.253553
7.510000 1.77083 0.400078
7.520000 1.77514 0.436746
7.530000 1.78044 0.585536
7.540000 1.78623 0.557638
7.550000 1.79133 0.481404
7.560000 1.79664 0.546507
7.570000 1.80165 0.478967
7.580000 1.80519 0.284494
7.590000 1.80799 0.248431
7.600000 1.81052 0.249086
7.610000 1.81374 0.352543
7.620000 1.81556 0.0948716
7.630000 1.81645 0.0948313
7.640000 1.81903 0.337787
7.650000 1.82389 0.546571
7.660000 1.82948 0.561094
7.670000 1.83494 0.523138
7.680000 1.83946 0.430054
7.690000 1.84213 0.184175
7.700000 1.84372 0.13934
7.710000 1.84547 0.197327
7.720000 1.84875 0.398526
7.730000 1.8531 0.433819
7.740000 1.85854 0.589248
7.750000 1.86453 0.593689
7.760000 1.87199 0.794115
7.770000 1.87928 0.69753
7.780000 1.88455 0.428261
7.790000 1.88851 0.373211
7.800000 1.89355 0.555102
7.810000 1.8987 0.487123
7.820000 1.90378 0.514286
7.830000 1.90942 0.581277
7.840000 1.91377 0.358807
7.850000 1.91883 0.585699
7.860000 1.92518 0.664554
7.870000 1.93095 0.538751
7.880000 1.93638 0.527886
7.890000 1.94171 0.549743
7.900000 1.94433 0.12821
7.910000 1.94365 -0.170242
7.920000 1.94237 -0.11157
7.930000 1.93962 -0.348589
7.940000 1.93496 -0.550098
7.950000 1.92781 -0.800881
7.960000 1.9197 -0.812986
7.970000 1.90978 -1.08048
7.980000 1.89829 -1.20498
7.990000 1.88743 -1.03732
8.000000 1.87736 -0.983811
8.010000 1.86601 -1.21134
8.020000 1.8543 -1.13822
8.030000 1.84278 -1.16053
8.040000 1.83155 -1.08722
8.050000 1.82125 -1.01786
8.060000 1.81077 -1.06061
8.070000 1.80014 -1.08215
8.080000 1.78774 -1.30784
8.090000 1.77375 -1.45155
8.100000 1.76059 -1.26761
8.110000 1.74804 -1.25398
8.120000 1.73458 -1.4026
8.130000 1.71944 -1.58665
8.140000 1.70191 -1.81561
8.150000 1.683 -1.91655
8.160000 1.66308 -2.03065
8.170000 1.64361 -1.88528
8.180000 1.62522 -1.79837
8.190000 1.60791 -1.69703
8.200000 1.5908 -1.72429
8.210000 1.57307 -1.80399
8.220000 1.5555 -1.74724
8.230000 1.53682 -1.93595
8.240000 1.51579 -2.20576
8.250000 1.49473 -2.04422
8.260000 1.47436 -2.02801
8.270000 1.45436 -1.98014
8.280000 1.43439 -2.00282
8.290000 1.41485 -1.9377
8.300000 1.39843 -1.49087
8.310000 1.38235 -1.65341
8.320000 1.36582 -1.6576
8.330000 1.34948 -1.60944
8.340000 1.33441 -1.4442
8.350000 1.31905 -1.5887
8.360000 1.30488 -1.3289
8.370000 1.29059 -1.48293
8.380000 1.27518 -1.56651
8.390000 1.25826 -1.75354
8.400000 1.2404 -1.83152
8.410000 1.22202 -1.84931
8.420000 1.20462 -1.67671
8.430000 1.18855 -1.56027
8.440000 1.17262 -1.61287
8.450000 1.15742 -1.4855
8.460000 1.14349 -1.35717
8.470000 1.12931 -1.43516
8.480000 1.11649 -1.20981
8.490000 1.10485 -1.1498
8.500000 1.09225 -1.32667
8.510000 1.08076 -1.06905
8.520000 1.07127 -0.899613
8.530000 1.06458 -0.574695
8.540000 1.05797 -0.704038
8.550000 1.05142 -0.622855
8.560000 1.04844 -0.159902
8.570000 1.04677 -0.163278
8.580000 1.04577 -0.078662
8.590000 1.04411 -0.199071
8.600000 1.0422 -0.188163
8.610000 1.03948 -0.296384
8.620000 1.03567 -0.440322
8.630000 1.0313 -0.432904
8.640000 1.02665 -0.482335
8.650000 1.02291 -0.329993
8.660000 1.02065 -0.164649
8.670000 1.01997 -0.016451
8.680000 1.01971 -0.0181972
8.690000 1.02137 0.250227
8.700000 1.0211 -0.137836
8.710000 1.01841 -0.315095
8.720000 1.01571 -0.256011
8.730000 1.01424 -0.0976827
8.740000 1.01528 0.185207
8.750000 1.01663 0.0867207
8.760000 1.01869 0.272173
8.770000 1.02165 0.318127
8.780000 1.02512 0.391787
8.790000 1.02697 0.0644458
8.800000 1.02879 0.243276
8.810000 1.03094 0.167541
8.820000 1.03349 0.299143
8.830000 1.03568 0.201611
8.840000 1.0384 0.307242
8.850000 1.04374 0.63407
8.860000 1.05224 0.939759
8.870000 1.06128 0.884804
8.880000 1.07139 1.06518
8.890000 1.08197 1.03072
8.900000 1.09462 1.36837
8.910000 1.10792 1.3033
8.920000 1.12172 1.42032
8.930000 1.13475 1.23777
8.940000 1.14673 1.17454
8.950000 1.15655 0.902635
8.960000 1.16637 1.01384
8.970000 1.17555 0.885628
8.980000 1.18528 1.02535
8.990000 1.1957 1.05341
9.000000 1.20867 1.41189
9.010000 1.22112 1.13998
9.020000 1.2331 1.20141
9.030000 1.24604 1.30329
9.040000 1.25997 1.43779
9.050000 1.27349 1.29993
9.060000 1.28451 1.00079
9.070000 1.2944 0.998698
9.080000 1.30272 0.74526
9.090000 1.31014 0.717546
9.100000 1.31737 0.750086
9.110000 1.32549 0.822996
9.120000 1.3345 0.929341
9.130000 1.34432 0.992709
9.140000 1.35441 1.00528
9.150000 1.36443 1.00118
9.160000 1.37654 1.31405
9.170000 1.38743 0.970731
9.180000 1.39427 0.539764
9.190000 1.40072 0.685416
9.200000 1.40831 0.807778
9.210000 1.41651 0.812656
9.220000 1.4249 0.847919
9.230000 1.4326 0.744608
9.240000 1.44057 0.818321
9.250000 1.44746 0.61053
9.260000 1.45294 0.512849
9.270000 1.4592 0.686634
9.280000 1.46775 0.926384
9.290000 1.47727 0.966826
9.300000 1.48453 0.598491
9.310000 1.49012 0.533702
9.320000 1.498 0.917557
9.330000 1.50671 0.852485
9.340000 1.51441 0.713383
9.350000 1.52136 0.675508
9.360000 1.52979 0.922131
9.370000 1.5412 1.26235
9.380000 1.55387 1.27646
9.390000 1.56645 1.24741
9.400000 1.57942 1.32781
9.410000 1.59112 1.06819
9.420000 1.59902 0.655336
9.430000 1.60698 0.849787
9.440000 1.61511 0.794206
9.450000 1.62202 0.624368
9.460000 1.62722 0.468815
9.470000 1.63519 0.950267
9.480000 1.64338 0.730742
9.490000 1.64713 0.177548
9.500000 1.65004 0.344026
9.510000 1.65238 0.167756
9.520000 1.65459 0.233962
9.530000 1.65926 0.578669
9.540000 1.66537 0.610124
9.550000 1.67083 0.503452
9.560000 1.67658 0.593284
9.570000 1.68299 0.662707
9.580000 1.6876 0.349778
9.590000 1.69057 0.240149
9.600000 1.6935 0.331903
9.610000 1.69771 0.462049
9.620000 1.70329 0.615242
9.630000 1.70893 0.546046
9.640000 1.71429 0.54752
9.650000 1.71937 0.480267
9.660000 1.72336 0.361104
9.670000 1.72607 0.22959
9.680000 1.72847 0.229462
9.690000 1.73147 0.332652
9.700000 1.73372 0.157473
9.710000 1.73611 0.26711
9.720000 1.73814 0.174265
9.730000 1.73796 -0.130622
9.740000 1.73756 0.00613748
9.750000 1.73882 0.181397
9.760000 1.74166 0.339981
9.770000 1.74628 0.512258
9.780000 1.75168 0.554053
9.790000 1.75657 0.449527
9.800000 1.75988 0.259728
9.810000 1.76144 0.11531
9.820000 1.7624 0.0735222
9.830000 1.76374 0.180087
9.840000 1.76378 -0.0991098
9.850000 1.76457 0.187088
9.860000 1.76626 0.152564
9.870000 1.76748 0.113465
9.880000 1.76939 0.230745
9.890000 1.77275 0.389916
9.900000 1.77706 0.434745
9.910000 1.7814 0.422249
9.920000 1.78655 0.556811
9.930000 1.79224 0.549525
9.940000 1.79675 0.407256
9.950000 1.8021 0.578855
9.960000 1.80571 0.22239
9.970000 1.80678 0.033766
9.980000 1.80702 0.017465
9.990000 1.80712 -0.00735093
10.000000 1.80664 -0.0894562
10.010000 1.80656 0.045636
10.020000 1.80677 0.00417735
10.030000 1.8067 -0.0332898
10.040000 1.80714 0.0664416
10.050000 1.80734 -0.00267753
10.060000 1.80806 0.0864759
10.070000 1.81075 0.379286
10.080000 1.81425 0.338889
10.090000 1.81598 0.095082
10.100000 1.81664 0.0408471
10.110000 1.81678 -0.00491128
10.120000 1.81508 -0.255048
10.130000 1.81163 -0.378002
10.140000 1.80914 -0.193972
10.150000 1.80705 -0.198771
10.160000 1.80559 -0.107223
10.170000 1.8033 -0.29822
10.180000 1.80062 -0.24811
10.190000 1.79746 -0.35311
10.200000 1.79368 -0.387673
10.210000 1.78982 -0.38874
10.220000 1.78689 -0.234931
10.230000 1.7851 -0.148607
10.240000 1.78439 -0.0179478
