#random walk 2D v 01
0 501 501
1 502 502
2 501 501
3 502 500
4 503 499
5 504 500
6 503 499
7 504 500
8 503 501
9 502 502
10 503 503
11 502 504
12 503 505
13 504 504
14 503 503
15 502 504
16 501 505
17 500 506
18 499 505
19 498 506
20 499 507
21 498 506
22 499 505
23 500 504
24 499 505
25 500 506
26 501 507
27 502 508
28 501 507
29 502 506
30 501 505
31 500 506
32 499 507
33 500 508
34 499 509
35 498 508
36 497 507
37 496 506
38 497 507
39 496 508
40 497 507
41 496 508
42 497 509
43 496 510
44 497 511
45 496 512
46 495 511
47 496 510
48 497 511
49 496 512
50 495 513
51 496 512
52 495 513
53 496 514
54 497 513
55 496 512
56 495 513
57 494 512
58 495 513
59 494 514
60 493 513
61 492 512
62 493 511
63 494 512
64 493 511
65 492 510
66 493 509
67 492 510
68 493 509
69 492 510
70 493 511
71 492 512
72 493 511
73 494 512
74 493 511
75 492 510
76 491 509
77 492 510
78 493 511
79 494 512
80 493 513
81 494 514
82 495 513
83 496 514
84 497 513
85 496 512
86 497 513
87 496 514
88 497 515
89 498 516
90 497 515
91 498 514
92 499 513
93 500 512
94 499 513
95 500 514
96 501 515
97 502 514
98 501 515
99 500 514
100 499 515
101 500 516
102 501 515
103 500 514
104 499 513
105 500 514
106 501 513
107 500 514
108 501 515
109 500 516
110 499 515
111 498 514
112 499 513
113 500 512
114 501 513
115 502 514
116 501 515
117 502 516
118 501 515
119 502 516
120 501 515
121 500 516
122 501 515
123 502 516
124 503 515
125 502 516
126 503 517
127 504 518
128 503 519
129 504 520
130 505 521
131 504 520
132 503 519
133 502 520
134 501 521
135 502 522
136 503 521
137 504 520
138 505 521
139 506 520
140 507 519
141 506 518
142 507 517
143 508 518
144 509 519
145 510 520
146 511 519
147 510 518
148 509 519
149 508 520
150 509 521
151 508 520
152 507 519
153 506 518
154 505 517
155 504 516
156 503 515
157 502 514
158 503 515
159 502 514
160 503 513
161 502 514
162 501 513
163 502 512
164 501 513
165 500 514
166 501 513
167 502 512
168 501 513
169 502 514
170 501 515
171 502 516
172 503 517
173 504 518
174 503 519
175 502 518
176 503 519
177 502 520
178 503 521
179 502 522
180 501 521
181 500 520
182 501 519
183 502 518
184 501 519
185 500 518
186 499 519
187 498 518
188 497 517
189 496 518
190 495 517
191 494 516
192 495 515
193 496 516
194 495 517
195 496 516
196 495 517
197 494 516
198 495 517
199 496 518
200 495 519
201 494 520
202 493 521
203 494 520
204 493 521
205 492 522
206 491 521
207 492 520
208 493 519
209 492 518
210 493 519
211 494 518
212 495 519
213 494 520
214 495 519
215 494 518
216 495 519
217 496 520
218 495 519
219 494 520
220 495 519
221 494 518
222 493 517
223 494 516
224 495 517
225 496 518
226 495 519
227 494 520
228 495 521
229 496 522
230 497 523
231 498 524
232 497 523
233 496 524
234 495 523
235 496 524
236 497 523
237 498 524
238 497 523
239 496 524
240 497 525
241 498 524
242 499 523
243 498 522
244 497 523
245 496 524
246 495 525
247 494 524
248 495 523
249 496 524
250 495 523
251 494 522
252 495 523
253 496 524
254 497 523
255 498 522
256 499 523
257 498 524
258 497 523
259 498 524
260 499 523
261 500 522
262 499 521
263 498 520
264 499 521
265 498 520
266 499 521
267 498 522
268 497 521
269 496 520
270 497 521
271 496 522
272 497 523
273 496 524
274 497 525
275 498 526
276 499 527
277 500 528
278 501 527
279 500 528
280 501 529
281 502 528
282 503 529
283 504 528
284 505 527
285 504 526
286 503 527
287 504 528
288 503 529
289 502 530
290 503 529
291 504 530
292 505 529
293 504 530
294 505 531
295 504 530
296 505 529
297 506 528
298 505 527
299 504 526
300 505 525
301 504 524
302 505 523
303 504 522
304 505 521
305 506 522
306 505 523
307 506 524
308 505 523
309 506 524
310 505 525
311 504 526
312 505 525
313 506 526
314 505 527
315 504 528
316 505 527
317 504 526
318 505 527
319 506 526
320 505 525
321 506 524
322 507 523
323 506 524
324 507 523
325 508 522
326 507 523
327 506 524
328 505 523
329 504 524
330 503 523
331 502 524
332 501 525
333 502 526
334 501 527
335 500 528
336 501 529
337 502 530
338 501 531
339 500 532
340 499 533
341 498 534
342 499 533
343 498 532
344 497 533
345 498 532
346 499 533
347 498 534
348 497 533
349 498 532
350 499 531
351 500 532
352 501 533
353 502 534
354 503 533
355 502 534
356 501 535
357 500 534
358 501 535
359 502 534
360 501 533
361 502 534
362 503 533
363 502 534
364 501 533
365 502 534
366 503 535
367 502 534
368 501 535
369 500 536
370 501 537
371 502 538
372 503 539
373 502 538
374 501 537
375 500 538
376 501 539
377 502 540
378 501 539
379 500 538
380 499 539
381 500 540
382 501 539
383 502 538
384 503 539
385 502 538
386 501 539
387 502 540
388 501 541
389 500 540
390 499 541
391 500 540
392 499 539
393 500 538
394 501 539
395 500 538
396 499 539
397 500 540
398 499 539
399 498 540
400 497 541
401 496 540
402 497 539
403 496 540
404 497 541
405 498 542
406 499 543
407 498 544
408 497 543
409 498 542
410 497 543
411 498 544
412 499 545
413 498 546
414 497 547
415 498 548
416 499 549
417 500 548
418 499 549
419 498 550
420 499 551
421 498 552
422 497 551
423 498 552
424 499 551
425 500 552
426 499 553
427 498 554
428 499 553
429 498 552
430 499 553
431 498 552
432 497 553
433 496 552
434 495 551
435 496 552
436 497 551
437 498 550
438 499 551
439 498 550
440 499 549
441 500 548
442 501 547
443 500 546
444 501 545
445 502 546
446 501 545
447 500 546
448 499 545
449 498 546
450 497 545
451 496 546
452 495 545
453 494 546
454 495 547
455 496 548
456 497 549
457 496 550
458 495 549
459 494 550
460 493 551
461 494 550
462 495 551
463 494 550
464 493 549
465 494 550
466 493 549
467 494 550
468 493 549
469 494 548
470 493 547
471 494 548
472 493 549
473 494 548
474 493 549
475 494 548
476 495 549
477 496 548
478 495 549
479 496 550
480 497 549
481 496 548
482 497 549
483 498 548
484 499 549
485 498 550
486 497 549
487 498 548
488 499 549
489 500 548
490 499 549
491 500 548
492 499 549
493 498 550
494 497 551
495 498 552
496 497 553
497 498 554
498 499 555
499 498 554
