#nt x y x_var y_var r_var
1 1.360000e-03 3.050000e-03 1.270000e-03 9.211782e-01 9.143007e-01 9.238884e-01 2.759367e+00
2 9.100000e-04 1.950000e-03 -2.800000e-04 1.387469e+00 1.360286e+00 1.381980e+00 4.129735e+00
3 1.280000e-03 3.320000e-03 3.870000e-03 1.849878e+00 1.816609e+00 1.848815e+00 5.515302e+00
4 -3.740000e-03 5.980000e-03 5.700000e-03 2.317166e+00 2.274364e+00 2.310588e+00 6.902118e+00
5 -5.370000e-03 4.170000e-03 3.900000e-03 2.778181e+00 2.729153e+00 2.771565e+00 8.278899e+00
6 -8.560000e-03 4.670000e-03 2.730000e-03 3.242967e+00 3.193228e+00 3.238683e+00 9.674877e+00
7 -1.018000e-02 2.200000e-03 1.280000e-03 3.709816e+00 3.649595e+00 3.704698e+00 1.106411e+01
8 -9.990000e-03 2.110000e-03 5.600000e-04 4.186590e+00 4.097306e+00 4.173640e+00 1.245754e+01
9 -6.270000e-03 7.360000e-03 -6.000000e-05 4.647811e+00 4.563586e+00 4.642740e+00 1.385414e+01
10 -6.320000e-03 5.040000e-03 2.380000e-03 5.099780e+00 5.026375e+00 5.092654e+00 1.521881e+01
11 -6.720000e-03 5.640000e-03 1.580000e-03 5.564535e+00 5.455108e+00 5.540938e+00 1.656058e+01
12 -5.000000e-03 1.069000e-02 1.250000e-03 6.030955e+00 5.908776e+00 5.998908e+00 1.793864e+01
13 -3.420000e-03 9.690000e-03 2.470000e-03 6.487248e+00 6.379096e+00 6.435304e+00 1.930165e+01
14 -2.650000e-03 9.580000e-03 3.150000e-03 6.933383e+00 6.814488e+00 6.881980e+00 2.062985e+01
16 1.560000e-03 1.441000e-02 2.430000e-03 7.834518e+00 7.705542e+00 7.768124e+00 2.330818e+01
17 8.100000e-03 1.667000e-02 2.950000e-03 8.270974e+00 8.156772e+00 8.214741e+00 2.464249e+01
19 4.930000e-03 1.939000e-02 7.280000e-03 9.152786e+00 9.030114e+00 9.104007e+00 2.728691e+01
21 2.520000e-03 1.813000e-02 5.150000e-03 9.986274e+00 9.889741e+00 9.965863e+00 2.984188e+01
23 2.890000e-03 1.584000e-02 1.009000e-02 1.082762e+01 1.074941e+01 1.079107e+01 3.236810e+01
26 2.620000e-03 1.670000e-02 7.380000e-03 1.204955e+01 1.198022e+01 1.200339e+01 3.603316e+01
28 2.200000e-04 1.728000e-02 6.860000e-03 1.280692e+01 1.276036e+01 1.274737e+01 3.831465e+01
31 -5.920000e-03 2.101000e-02 1.080000e-03 1.392894e+01 1.390617e+01 1.386830e+01 4.170341e+01
34 -6.070000e-03 1.537000e-02 6.420000e-03 1.497389e+01 1.495753e+01 1.493784e+01 4.486927e+01
37 -7.110000e-03 1.585000e-02 7.460000e-03 1.593192e+01 1.589918e+01 1.589792e+01 4.772902e+01
41 -8.030000e-03 1.139000e-02 6.150000e-03 1.714381e+01 1.712804e+01 1.710855e+01 5.138040e+01
45 -1.050000e-02 1.345000e-02 6.780000e-03 1.827581e+01 1.822337e+01 1.823259e+01 5.473177e+01
50 -1.500000e-02 1.033000e-02 8.390000e-03 1.947587e+01 1.943668e+01 1.946944e+01 5.838200e+01
55 -6.630000e-03 9.390000e-03 1.180000e-03 2.059525e+01 2.054314e+01 2.059404e+01 6.173243e+01
60 -6.050000e-03 7.550000e-03 -3.660000e-03 2.156847e+01 2.146327e+01 2.159561e+01 6.462735e+01
66 -1.187000e-02 7.620000e-03 -3.520000e-03 2.260109e+01 2.252422e+01 2.262871e+01 6.775402e+01
73 -1.113000e-02 6.360000e-03 -6.760000e-03 2.362431e+01 2.355614e+01 2.367123e+01 7.085168e+01
80 -1.199000e-02 8.760000e-03 -8.900000e-03 2.448087e+01 2.442124e+01 2.454308e+01 7.344519e+01
88 -7.030000e-03 8.750000e-03 -9.420000e-03 2.533876e+01 2.527685e+01 2.536081e+01 7.597643e+01
97 -4.210000e-03 8.850000e-03 -1.379000e-02 2.607797e+01 2.603875e+01 2.611334e+01 7.823006e+01
107 -3.920000e-03 1.336000e-02 -1.364000e-02 2.677980e+01 2.673828e+01 2.679901e+01 8.031710e+01
117 -7.600000e-03 1.395000e-02 -1.300000e-02 2.734974e+01 2.727208e+01 2.732477e+01 8.194659e+01
129 -1.011000e-02 1.340000e-02 -1.032000e-02 2.786951e+01 2.780862e+01 2.785595e+01 8.353408e+01
142 -1.284000e-02 1.536000e-02 -8.280000e-03 2.835224e+01 2.824704e+01 2.835711e+01 8.495639e+01
156 -1.059000e-02 1.763000e-02 -1.172000e-02 2.873590e+01 2.865254e+01 2.874682e+01 8.613526e+01
172 -1.641000e-02 1.690000e-02 -9.540000e-03 2.907936e+01 2.901837e+01 2.909895e+01 8.719668e+01
189 -2.724000e-02 1.639000e-02 -1.550000e-02 2.938278e+01 2.933200e+01 2.940662e+01 8.812140e+01
208 -2.889000e-02 1.429000e-02 -2.101000e-02 2.969776e+01 2.962843e+01 2.972997e+01 8.905615e+01
229 -3.234000e-02 1.236000e-02 -1.964000e-02 2.998467e+01 2.994727e+01 3.003873e+01 8.997068e+01
252 -3.413000e-02 9.250000e-03 -1.862000e-02 3.036871e+01 3.023788e+01 3.034537e+01 9.095196e+01
277 -3.581000e-02 9.890000e-03 -1.661000e-02 3.070531e+01 3.056801e+01 3.066451e+01 9.193783e+01
304 -3.578000e-02 5.610000e-03 -1.836000e-02 3.109464e+01 3.084764e+01 3.097754e+01 9.291982e+01
335 -3.838000e-02 3.170000e-03 -1.609000e-02 3.145053e+01 3.118454e+01 3.135093e+01 9.398600e+01
368 -4.515000e-02 3.460000e-03 -1.647000e-02 3.177743e+01 3.153023e+01 3.178924e+01 9.509690e+01
405 -4.479000e-02 2.430000e-03 -1.704000e-02 3.224148e+01 3.199768e+01 3.225961e+01 9.649878e+01
446 -4.687000e-02 -6.800000e-04 -2.223000e-02 3.276261e+01 3.241366e+01 3.268752e+01 9.786379e+01
490 -5.076000e-02 -1.360000e-03 -2.532000e-02 3.322914e+01 3.285702e+01 3.312272e+01 9.920888e+01
539 -5.290000e-02 4.160000e-03 -2.809000e-02 3.377752e+01 3.335984e+01 3.367598e+01 1.008133e+02
593 -5.935000e-02 3.170000e-03 -3.270000e-02 3.440059e+01 3.393286e+01 3.424649e+01 1.025799e+02
653 -6.056000e-02 -1.420000e-03 -3.550000e-02 3.500269e+01 3.452822e+01 3.483000e+01 1.043609e+02
718 -7.129000e-02 -6.330000e-03 -3.921000e-02 3.564797e+01 3.519797e+01 3.545445e+01 1.063004e+02
790 -7.503000e-02 6.700000e-04 -4.485000e-02 3.633836e+01 3.590971e+01 3.616964e+01 1.084177e+02
869 -7.986000e-02 -1.200000e-03 -4.918000e-02 3.703666e+01 3.671650e+01 3.696448e+01 1.107176e+02
956 -9.414000e-02 -1.248000e-02 -6.004000e-02 3.789776e+01 3.755276e+01 3.778220e+01 1.132327e+02
1051 -1.009600e-01 -8.480000e-03 -5.853000e-02 3.878623e+01 3.842951e+01 3.866566e+01 1.158814e+02
1156 -1.062800e-01 -1.886000e-02 -6.121000e-02 3.981098e+01 3.932744e+01 3.967928e+01 1.188177e+02
1272 -1.111100e-01 -1.898000e-02 -6.929000e-02 4.089824e+01 4.033938e+01 4.072529e+01 1.219629e+02
1399 -1.128000e-01 -2.179000e-02 -6.861000e-02 4.210966e+01 4.143046e+01 4.184972e+01 1.253898e+02
1539 -1.144800e-01 -3.282000e-02 -7.794000e-02 4.334531e+01 4.267144e+01 4.300223e+01 1.290190e+02
1693 -1.166100e-01 -4.904000e-02 -8.739000e-02 4.469707e+01 4.408070e+01 4.450819e+01 1.332860e+02
1862 -1.220300e-01 -5.323000e-02 -9.185000e-02 4.629142e+01 4.556538e+01 4.600093e+01 1.378577e+02
2048 -1.176000e-01 -6.757000e-02 -9.382000e-02 4.787139e+01 4.730752e+01 4.765898e+01 1.428379e+02
2253 -1.297000e-01 -8.252000e-02 -1.016300e-01 4.965474e+01 4.905983e+01 4.941836e+01 1.481329e+02
2479 -1.285700e-01 -9.191000e-02 -1.096200e-01 5.166380e+01 5.124506e+01 5.139928e+01 1.543081e+02
2726 -1.384100e-01 -1.104500e-01 -1.175400e-01 5.381795e+01 5.349431e+01 5.359056e+01 1.609028e+02
2999 -1.449400e-01 -1.098100e-01 -1.210700e-01 5.622743e+01 5.587703e+01 5.608181e+01 1.681863e+02
3299 -1.474800e-01 -1.133100e-01 -1.234200e-01 5.873293e+01 5.853567e+01 5.893599e+01 1.762046e+02
3629 -1.670900e-01 -1.149400e-01 -1.291900e-01 6.184357e+01 6.161457e+01 6.184730e+01 1.853054e+02
3992 -1.684800e-01 -1.355400e-01 -1.304800e-01 6.523209e+01 6.486067e+01 6.516893e+01 1.952617e+02
4391 -1.728300e-01 -1.517600e-01 -1.331100e-01 6.897512e+01 6.856025e+01 6.862929e+01 2.061647e+02
4830 -1.654000e-01 -1.395200e-01 -1.309400e-01 7.305394e+01 7.259573e+01 7.303647e+01 2.186862e+02
5313 -1.660100e-01 -1.450200e-01 -1.208400e-01 7.734811e+01 7.695001e+01 7.750642e+01 2.318045e+02
5844 -1.607200e-01 -1.365700e-01 -1.232300e-01 8.229333e+01 8.207946e+01 8.219294e+01 2.465657e+02
6429 -1.576000e-01 -1.151800e-01 -1.378100e-01 8.754982e+01 8.794455e+01 8.793296e+01 2.634273e+02
7072 -1.649900e-01 -1.205600e-01 -1.308200e-01 9.378429e+01 9.383375e+01 9.407659e+01 2.816946e+02
7779 -1.765300e-01 -1.239800e-01 -1.327900e-01 1.005455e+02 1.006405e+02 1.008702e+02 3.020563e+02
8557 -1.893600e-01 -1.370500e-01 -1.411400e-01 1.080731e+02 1.082743e+02 1.084422e+02 3.247895e+02
9412 -1.805000e-01 -1.229900e-01 -1.534700e-01 1.161702e+02 1.164299e+02 1.168493e+02 3.494494e+02
10354 -1.682100e-01 -1.374800e-01 -1.504800e-01 1.253971e+02 1.254845e+02 1.264396e+02 3.773212e+02
11389 -1.641900e-01 -1.429600e-01 -1.389200e-01 1.360529e+02 1.349721e+02 1.360685e+02 4.070935e+02
12528 -1.632400e-01 -1.374200e-01 -1.287700e-01 1.467734e+02 1.464367e+02 1.473930e+02 4.406032e+02
13781 -1.324900e-01 -1.688400e-01 -1.270900e-01 1.593226e+02 1.588112e+02 1.591777e+02 4.773115e+02
15159 -1.243600e-01 -1.700000e-01 -1.214900e-01 1.728232e+02 1.720607e+02 1.724395e+02 5.173234e+02
16675 -1.298400e-01 -1.621900e-01 -1.063100e-01 1.875357e+02 1.861210e+02 1.874725e+02 5.611292e+02
18342 -1.028800e-01 -1.793100e-01 -1.298000e-01 2.037137e+02 2.023044e+02 2.035118e+02 6.095299e+02
20176 -1.269400e-01 -1.793100e-01 -1.291900e-01 2.212389e+02 2.200532e+02 2.196100e+02 6.609022e+02
22194 -1.206600e-01 -1.503700e-01 -1.182600e-01 2.414394e+02 2.398917e+02 2.396338e+02 7.209650e+02
24413 -1.216100e-01 -1.668400e-01 -1.123000e-01 2.630746e+02 2.615904e+02 2.628474e+02 7.875125e+02
26855 -1.341200e-01 -1.808000e-01 -1.329700e-01 2.873938e+02 2.860099e+02 2.875385e+02 8.609423e+02
29540 -1.493100e-01 -1.888000e-01 -1.417400e-01 3.126946e+02 3.110536e+02 3.131601e+02 9.369084e+02
32494 -1.306800e-01 -2.186200e-01 -1.082300e-01 3.420641e+02 3.403146e+02 3.414133e+02 1.023792e+03
35743 -1.434600e-01 -2.179800e-01 -1.266500e-01 3.752841e+02 3.718213e+02 3.740114e+02 1.121117e+03
39318 -1.101000e-01 -2.713700e-01 -1.772900e-01 4.101705e+02 4.074084e+02 4.074814e+02 1.225060e+03
43249 -8.209000e-02 -2.788400e-01 -1.840300e-01 4.475499e+02 4.465948e+02 4.470542e+02 1.341199e+03
47574 -4.582000e-02 -2.627000e-01 -1.474700e-01 4.901507e+02 4.873576e+02 4.902472e+02 1.467756e+03
52332 -3.513000e-02 -2.268100e-01 -1.386300e-01 5.375045e+02 5.346230e+02 5.355688e+02 1.607696e+03
57565 -4.485000e-02 -2.444800e-01 -1.729300e-01 5.875822e+02 5.847229e+02 5.849087e+02 1.757214e+03
63322 -6.806000e-02 -2.224100e-01 -1.702300e-01 6.423746e+02 6.421045e+02 6.421185e+02 1.926598e+03
69654 -9.777000e-02 -2.026200e-01 -1.787700e-01 7.031376e+02 7.037762e+02 7.046373e+02 2.111551e+03
76619 -1.157800e-01 -2.085400e-01 -1.602000e-01 7.685192e+02 7.703971e+02 7.727293e+02 2.311646e+03
84281 -1.122800e-01 -1.507500e-01 -1.249300e-01 8.431754e+02 8.432375e+02 8.462882e+02 2.532701e+03
92709 -1.129400e-01 -1.651900e-01 -1.094000e-01 9.268736e+02 9.283282e+02 9.293520e+02 2.784554e+03
101980 -1.316900e-01 -1.817200e-01 -1.067700e-01 1.014574e+03 1.022005e+03 1.022447e+03 3.059027e+03
112178 -1.367000e-01 -1.600100e-01 -9.113000e-02 1.110888e+03 1.119885e+03 1.123374e+03 3.354148e+03
123396 -9.264000e-02 -2.093500e-01 -1.402400e-01 1.216875e+03 1.228482e+03 1.228509e+03 3.673865e+03
135735 -8.509000e-02 -1.672900e-01 -1.993600e-01 1.330110e+03 1.349158e+03 1.345257e+03 4.024525e+03
149309 -8.916000e-02 -1.129600e-01 -1.848800e-01 1.460295e+03 1.476805e+03 1.478008e+03 4.415109e+03
164240 -2.910000e-02 -1.397400e-01 -2.305600e-01 1.610013e+03 1.623942e+03 1.625077e+03 4.859031e+03
180664 -4.150000e-03 -1.789200e-01 -3.224000e-01 1.760503e+03 1.778911e+03 1.783056e+03 5.322470e+03
198730 -6.670000e-03 -2.267100e-01 -4.025900e-01 1.939167e+03 1.951882e+03 1.954629e+03 5.845678e+03
218603 -9.050000e-03 -2.501700e-01 -4.039500e-01 2.131092e+03 2.145086e+03 2.147122e+03 6.423300e+03
240463 -1.851000e-02 -3.254200e-01 -3.352000e-01 2.340595e+03 2.357382e+03 2.354802e+03 7.052780e+03
264510 -7.055000e-02 -3.185200e-01 -3.220300e-01 2.576757e+03 2.593625e+03 2.583756e+03 7.754138e+03
290961 -7.792000e-02 -2.593900e-01 -2.712800e-01 2.839574e+03 2.846102e+03 2.841920e+03 8.527596e+03
320057 -1.595900e-01 -3.415600e-01 -2.345700e-01 3.121145e+03 3.127207e+03 3.120138e+03 9.368489e+03
352063 -1.373000e-01 -2.595000e-01 -1.605300e-01 3.431929e+03 3.438770e+03 3.422398e+03 1.029310e+04
387269 -9.680000e-03 -1.677800e-01 -1.918000e-01 3.769363e+03 3.785293e+03 3.769343e+03 1.132400e+04
425996 1.832000e-02 -1.319000e-01 -2.619700e-01 4.131692e+03 4.155490e+03 4.140807e+03 1.242799e+04
468595 2.297000e-02 -2.564700e-01 -2.551500e-01 4.540161e+03 4.557206e+03 4.561502e+03 1.365887e+04
515455 -2.012000e-02 -2.034200e-01 -1.796500e-01 4.994074e+03 5.009185e+03 5.016415e+03 1.501967e+04
567000 1.206400e-01 -1.925300e-01 -1.035300e-01 5.493938e+03 5.507748e+03 5.505847e+03 1.650753e+04
623700 4.789000e-02 -1.114100e-01 -1.387300e-01 6.032041e+03 6.053221e+03 6.066370e+03 1.815163e+04
686070 -2.806000e-02 -1.405500e-01 -3.988000e-02 6.636950e+03 6.619386e+03 6.661343e+03 1.991768e+04
754677 -1.355400e-01 -1.855200e-01 8.747000e-02 7.268634e+03 7.270158e+03 7.312675e+03 2.185147e+04
830145 -3.436000e-02 -1.697800e-01 7.569000e-02 8.014960e+03 7.985102e+03 8.026513e+03 2.402657e+04
913160 -1.055500e-01 1.120800e-01 6.220000e-03 8.800268e+03 8.769215e+03 8.805246e+03 2.637473e+04
1004475 -1.900600e-01 2.759100e-01 -3.140000e-03 9.679387e+03 9.664519e+03 9.649890e+03 2.899380e+04
1104923 -1.947100e-01 2.355500e-01 1.364300e-01 1.066082e+04 1.060408e+04 1.060890e+04 3.187380e+04
1215415 -1.439600e-01 2.004700e-01 5.313000e-02 1.172513e+04 1.167679e+04 1.163923e+04 3.504114e+04
1336957 -1.759000e-02 2.106900e-01 -2.219600e-01 1.285494e+04 1.279914e+04 1.280465e+04 3.845873e+04
1470653 -1.450000e-02 4.827000e-02 -1.178100e-01 1.414849e+04 1.402388e+04 1.407188e+04 4.224425e+04
1617718 2.183000e-02 5.341000e-02 -2.249100e-01 1.557527e+04 1.540782e+04 1.545763e+04 4.644072e+04
1779490 -1.691800e-01 -1.792800e-01 -3.266100e-01 1.704814e+04 1.693432e+04 1.699843e+04 5.098089e+04
1957439 -3.737600e-01 -3.915700e-01 -2.923400e-01 1.870300e+04 1.863020e+04 1.867464e+04 5.600784e+04
2153182 -2.864900e-01 -6.462600e-01 -3.749800e-01 2.049757e+04 2.045101e+04 2.045326e+04 6.140185e+04
2368501 -7.157000e-02 -7.218400e-01 -1.789000e-01 2.248085e+04 2.240998e+04 2.242661e+04 6.731744e+04
2605351 6.915000e-02 -7.751100e-01 -3.020200e-01 2.472348e+04 2.457945e+04 2.468236e+04 7.398530e+04
2865886 -2.212000e-02 -8.286800e-01 -1.857000e-01 2.718103e+04 2.698919e+04 2.703091e+04 8.120113e+04
3152474 9.505000e-02 -9.548100e-01 -2.755600e-01 2.986901e+04 2.966976e+04 2.965858e+04 8.919735e+04
3467722 2.271200e-01 -1.272800e+00 -3.348100e-01 3.266198e+04 3.257415e+04 3.269119e+04 9.792732e+04
3814494 2.061700e-01 -1.438690e+00 -3.069500e-01 3.585967e+04 3.574978e+04 3.591610e+04 1.075255e+05
4195943 9.739000e-02 -1.370330e+00 -6.384000e-02 3.942091e+04 3.918105e+04 3.935791e+04 1.179599e+05
4615538 2.036500e-01 -1.493540e+00 5.373300e-01 4.331517e+04 4.302642e+04 4.307472e+04 1.294163e+05
5077092 2.171900e-01 -1.546240e+00 7.864500e-01 4.748267e+04 4.726891e+04 4.734660e+04 1.420982e+05
5584801 1.858500e-01 -1.398400e+00 2.546000e-01 5.222954e+04 5.193417e+04 5.204105e+04 1.562048e+05
6143281 -2.572800e-01 -1.473380e+00 -1.159300e-01 5.725463e+04 5.690387e+04 5.713315e+04 1.712917e+05
6757609 -5.498000e-02 -1.943330e+00 -3.989300e-01 6.272439e+04 6.244385e+04 6.256581e+04 1.877341e+05
7433370 -2.464200e-01 -2.185390e+00 -4.949900e-01 6.864888e+04 6.847499e+04 6.847708e+04 2.056009e+05
8176707 2.603800e-01 -2.521350e+00 -7.627200e-01 7.510701e+04 7.511172e+04 7.503573e+04 2.252545e+05
8994377 6.995200e-01 -2.290580e+00 -1.023060e+00 8.223229e+04 8.237489e+04 8.213440e+04 2.467416e+05
9893815 3.108300e-01 -2.132540e+00 -8.548600e-01 9.007932e+04 9.045895e+04 9.010343e+04 2.706417e+05
10883197 1.038030e+00 -2.337360e+00 -1.093070e+00 9.849166e+04 9.887679e+04 9.888526e+04 2.962537e+05
##############
##############
#Nsteps       = 10883198 
#Np2save  = 156 
#Ntrials      = 100000 
##############
