0.0 1.0
1.0 1.1
2.0 1.21
3.0 1.331
4.0 1.4641
5.0 1.61051
6.0 1.771561
7.0 1.9487171
8.0 2.14358881
9.0 2.357947691
10.0 2.5937424601
11.0 2.85311670611
12.0 3.13842837672
13.0 3.45227121439
14.0 3.79749833583
15.0 4.17724816942
16.0 4.59497298636
17.0 5.05447028499
18.0 5.55991731349
19.0 6.11590904484
20.0 6.72749994933
21.0 7.40024994426
22.0 8.14027493868
23.0 8.95430243255
24.0 9.84973267581
25.0 10.8347059434
26.0 11.9181765377
27.0 13.1099941915
28.0 14.4209936106
29.0 15.8630929717
30.0 17.4494022689
31.0 19.1943424958
32.0 21.1137767454
33.0 23.2251544199
34.0 25.5476698619
35.0 28.1024368481
36.0 30.9126805329
37.0 34.0039485862
38.0 37.4043434448
39.0 41.1447777893
40.0 45.2592555682
41.0 49.785181125
42.0 54.7636992375
43.0 60.2400691612
44.0 66.2640760774
45.0 72.8904836851
46.0 80.1795320536
47.0 88.197485259
48.0 97.0172337849
49.0 106.718957163
50.0 117.39085288
51.0 129.129938168
52.0 142.042931984
53.0 156.247225183
54.0 171.871947701
55.0 189.059142471
56.0 207.965056718
57.0 228.76156239
58.0 251.637718629
59.0 276.801490492
60.0 304.481639541
61.0 334.929803496
62.0 368.422783845
63.0 405.26506223
64.0 445.791568453
65.0 490.370725298
66.0 539.407797828
67.0 593.34857761
68.0 652.683435371
69.0 717.951778909
70.0 789.746956799
71.0 868.721652479
72.0 955.593817727
73.0 1051.1531995
74.0 1156.26851945
75.0 1271.8953714
76.0 1399.08490853
77.0 1538.99339939
78.0 1692.89273933
79.0 1862.18201326
80.0 2048.40021459
81.0 2253.24023604
82.0 2478.56425965
83.0 2726.42068561
84.0 2999.06275417
85.0 3298.96902959
86.0 3628.86593255
87.0 3991.75252581
88.0 4390.92777839
89.0 4830.02055623
90.0 5313.02261185
91.0 5844.32487303
92.0 6428.75736034
93.0 7071.63309637
94.0 7778.79640601
95.0 8556.67604661
96.0 9412.34365127
97.0 10353.5780164
98.0 11388.935818
99.0 12527.8293998
100.0 13780.6123398
101.0 15158.6735738
102.0 16674.5409312
103.0 18341.9950243
104.0 20176.1945267
105.0 22193.8139794
106.0 24413.1953773
107.0 26854.5149151
108.0 29539.9664066
109.0 32493.9630473
110.0 35743.359352
111.0 39317.6952872
112.0 43249.4648159
113.0 47574.4112975
114.0 52331.8524272
115.0 57565.0376699
116.0 63321.5414369
117.0 69653.6955806
118.0 76619.0651387
119.0 84280.9716526
120.0 92709.0688178
121.0 101979.9757
122.0 112177.97327
123.0 123395.770597
124.0 135735.347656
125.0 149308.882422
126.0 164239.770664
127.0 180663.74773
128.0 198730.122503
129.0 218603.134754
130.0 240463.448229
131.0 264509.793052
132.0 290960.772357
133.0 320056.849593
134.0 352062.534552
135.0 387268.788008
136.0 425995.666808
137.0 468595.233489
138.0 515454.756838
139.0 567000.232522
140.0 623700.255774
141.0 686070.281351
142.0 754677.309487
143.0 830145.040435
144.0 913159.544479
145.0 1004475.49893
146.0 1104923.04882
147.0 1215415.3537
148.0 1336956.88907
149.0 1470652.57798
150.0 1617717.83578
151.0 1779489.61935
152.0 1957438.58129
153.0 2153182.43942
154.0 2368500.68336
155.0 2605350.7517
156.0 2865885.82687
157.0 3152474.40955
158.0 3467721.85051
159.0 3814494.03556
160.0 4195943.43911
161.0 4615537.78303
162.0 5077091.56133
163.0 5584800.71746
164.0 6143280.78921
165.0 6757608.86813
166.0 7433369.75494
167.0 8176706.73043
168.0 8994377.40348
169.0 9893815.14383
170.0 10883196.6582
171.0 11971516.324
172.0 13168667.9564
173.0 14485534.7521
174.0 15934088.2273
175.0 17527497.05
176.0 19280246.755
177.0 21208271.4305
178.0 23329098.5736
179.0 25662008.4309
180.0 28228209.274
181.0 31051030.2014
182.0 34156133.2216
183.0 37571746.5437
184.0 41328921.1981
185.0 45461813.3179
186.0 50007994.6497
187.0 55008794.1146
188.0 60509673.5261
189.0 66560640.8787
190.0 73216704.9666
191.0 80538375.4633
192.0 88592213.0096
193.0 97451434.3105
194.0 107196577.742
195.0 117916235.516
196.0 129707859.067
197.0 142678644.974
198.0 156946509.471
199.0 172641160.419
200.0 189905276.46
201.0 208895804.107
202.0 229785384.517
203.0 252763922.969
204.0 278040315.266
205.0 305844346.792
206.0 336428781.472
207.0 370071659.619
208.0 407078825.581
209.0 447786708.139
210.0 492565378.953
211.0 541821916.848
212.0 596004108.533
213.0 655604519.386
214.0 721164971.324
215.0 793281468.457
216.0 872609615.303
217.0 959870576.833
218.0 1055857634.52
219.0 1161443397.97
220.0 1277587737.76
221.0 1405346511.54
222.0 1545881162.69
223.0 1700469278.96
224.0 1870516206.86
225.0 2057567827.55
226.0 2263324610.3
227.0 2489657071.33
228.0 2738622778.47
229.0 3012485056.31
230.0 3313733561.94
231.0 3645106918.14
232.0 4009617609.95
233.0 4410579370.95
234.0 4851637308.04
235.0 5336801038.84
236.0 5870481142.73
237.0 6457529257.0
238.0 7103282182.7
239.0 7813610400.97
240.0 8594971441.07
241.0 9454468585.18
242.0 10399915443.7
243.0 11439906988.1
244.0 12583897686.9
245.0 13842287455.6
246.0 15226516201.1
247.0 16749167821.2
248.0 18424084603.3
249.0 20266493063.7
250.0 22293142370.0
251.0 24522456607.1
252.0 26974702267.8
253.0 29672172494.5
254.0 32639389744.0
255.0 35903328718.4
256.0 39493661590.2
257.0 43443027749.2
258.0 47787330524.2
259.0 52566063576.6
260.0 57822669934.2
261.0 63604936927.7
262.0 69965430620.4
263.0 76961973682.5
264.0 84658171050.7
265.0 93123988155.8
266.0 102436386971.0
267.0 112680025669.0
268.0 123948028235.0
269.0 136342831059.0
270.0 149977114165.0
271.0 164974825581.0
272.0 181472308139.0
273.0 199619538953.0
274.0 219581492849.0
275.0 241539642134.0
276.0 265693606347.0
277.0 292262966982.0
278.0 321489263680.0
279.0 353638190048.0
280.0 389002009053.0
281.0 427902209958.0
282.0 470692430954.0
283.0 517761674049.0
284.0 569537841454.0
285.0 626491625599.0
286.0 689140788159.0
287.0 758054866975.0
288.0 833860353673.0
289.0 917246389040.0
290.0 1.00897102794e+12
291.0 1.10986813074e+12
292.0 1.22085494381e+12
293.0 1.34294043819e+12
294.0 1.47723448201e+12
295.0 1.62495793021e+12
296.0 1.78745372324e+12
297.0 1.96619909556e+12
298.0 2.16281900511e+12
299.0 2.37910090563e+12
300.0 2.61701099619e+12
301.0 2.87871209581e+12
302.0 3.16658330539e+12
303.0 3.48324163593e+12
304.0 3.83156579952e+12
305.0 4.21472237947e+12
306.0 4.63619461742e+12
307.0 5.09981407916e+12
308.0 5.60979548708e+12
309.0 6.17077503578e+12
310.0 6.78785253936e+12
311.0 7.4666377933e+12
312.0 8.21330157263e+12
313.0 9.03463172989e+12
314.0 9.93809490288e+12
315.0 1.09319043932e+13
316.0 1.20250948325e+13
317.0 1.32276043157e+13
318.0 1.45503647473e+13
319.0 1.6005401222e+13
320.0 1.76059413442e+13
321.0 1.93665354787e+13
322.0 2.13031890265e+13
323.0 2.34335079292e+13
324.0 2.57768587221e+13
325.0 2.83545445943e+13
326.0 3.11899990537e+13
327.0 3.43089989591e+13
328.0 3.7739898855e+13
329.0 4.15138887405e+13
330.0 4.56652776146e+13
331.0 5.02318053761e+13
332.0 5.52549859137e+13
333.0 6.0780484505e+13
334.0 6.68585329555e+13
335.0 7.35443862511e+13
336.0 8.08988248762e+13
337.0 8.89887073638e+13
338.0 9.78875781002e+13
339.0 1.0767633591e+14
340.0 1.18443969501e+14
341.0 1.30288366451e+14
342.0 1.43317203096e+14
343.0 1.57648923406e+14
344.0 1.73413815747e+14
345.0 1.90755197321e+14
346.0 2.09830717054e+14
347.0 2.30813788759e+14
348.0 2.53895167635e+14
349.0 2.79284684398e+14
350.0 3.07213152838e+14
351.0 3.37934468122e+14
352.0 3.71727914934e+14
353.0 4.08900706428e+14
354.0 4.4979077707e+14
355.0 4.94769854777e+14
356.0 5.44246840255e+14
357.0 5.98671524281e+14
358.0 6.58538676709e+14
359.0 7.24392544379e+14
360.0 7.96831798817e+14
361.0 8.76514978699e+14
362.0 9.64166476569e+14
363.0 1.06058312423e+15
364.0 1.16664143665e+15
365.0 1.28330558031e+15
366.0 1.41163613834e+15
367.0 1.55279975218e+15
368.0 1.7080797274e+15
369.0 1.87888770014e+15
370.0 2.06677647015e+15
371.0 2.27345411717e+15
372.0 2.50079952888e+15
373.0 2.75087948177e+15
374.0 3.02596742995e+15
375.0 3.32856417294e+15
376.0 3.66142059024e+15
377.0 4.02756264926e+15
378.0 4.43031891419e+15
379.0 4.8733508056e+15
380.0 5.36068588617e+15
381.0 5.89675447478e+15
382.0 6.48642992226e+15
383.0 7.13507291449e+15
384.0 7.84858020593e+15
385.0 8.63343822653e+15
386.0 9.49678204918e+15
387.0 1.04464602541e+16
388.0 1.14911062795e+16
389.0 1.26402169075e+16
390.0 1.39042385982e+16
391.0 1.5294662458e+16
392.0 1.68241287038e+16
393.0 1.85065415742e+16
394.0 2.03571957316e+16
395.0 2.23929153048e+16
396.0 2.46322068353e+16
397.0 2.70954275188e+16
398.0 2.98049702707e+16
399.0 3.27854672978e+16
400.0 3.60640140275e+16
401.0 3.96704154303e+16
402.0 4.36374569733e+16
403.0 4.80012026706e+16
404.0 5.28013229377e+16
405.0 5.80814552315e+16
406.0 6.38896007546e+16
407.0 7.02785608301e+16
408.0 7.73064169131e+16
409.0 8.50370586044e+16
410.0 9.35407644648e+16
411.0 1.02894840911e+17
412.0 1.13184325002e+17
413.0 1.24502757503e+17
414.0 1.36953033253e+17
415.0 1.50648336578e+17
416.0 1.65713170236e+17
417.0 1.8228448726e+17
418.0 2.00512935986e+17
419.0 2.20564229584e+17
420.0 2.42620652543e+17
421.0 2.66882717797e+17
422.0 2.93570989577e+17
423.0 3.22928088534e+17
424.0 3.55220897388e+17
425.0 3.90742987126e+17
426.0 4.29817285839e+17
427.0 4.72799014423e+17
428.0 5.20078915865e+17
429.0 5.72086807452e+17
430.0 6.29295488197e+17
431.0 6.92225037017e+17
432.0 7.61447540718e+17
433.0 8.3759229479e+17
434.0 9.21351524269e+17
435.0 1.0134866767e+18
436.0 1.11483534437e+18
437.0 1.2263188788e+18
438.0 1.34895076668e+18
439.0 1.48384584335e+18
440.0 1.63223042769e+18
441.0 1.79545347045e+18
442.0 1.9749988175e+18
443.0 2.17249869925e+18
444.0 2.38974856918e+18
445.0 2.62872342609e+18
446.0 2.8915957687e+18
447.0 3.18075534557e+18
448.0 3.49883088013e+18
449.0 3.84871396814e+18
450.0 4.23358536496e+18
451.0 4.65694390145e+18
452.0 5.1226382916e+18
453.0 5.63490212076e+18
454.0 6.19839233283e+18
455.0 6.81823156612e+18
456.0 7.50005472273e+18
457.0 8.250060195e+18
458.0 9.0750662145e+18
459.0 9.98257283595e+18
460.0 1.09808301195e+19
461.0 1.20789131315e+19
462.0 1.32868044447e+19
463.0 1.46154848891e+19
464.0 1.6077033378e+19
465.0 1.76847367158e+19
466.0 1.94532103874e+19
467.0 2.13985314262e+19
468.0 2.35383845688e+19
469.0 2.58922230256e+19
470.0 2.84814453282e+19
471.0 3.1329589861e+19
472.0 3.44625488471e+19
473.0 3.79088037318e+19
474.0 4.1699684105e+19
475.0 4.58696525155e+19
476.0 5.04566177671e+19
477.0 5.55022795438e+19
478.0 6.10525074982e+19
479.0 6.7157758248e+19
480.0 7.38735340728e+19
481.0 8.12608874801e+19
482.0 8.93869762281e+19
483.0 9.83256738509e+19
484.0 1.08158241236e+20
485.0 1.1897406536e+20
486.0 1.30871471896e+20
487.0 1.43958619085e+20
488.0 1.58354480994e+20
489.0 1.74189929093e+20
490.0 1.91608922002e+20
491.0 2.10769814202e+20
492.0 2.31846795623e+20
493.0 2.55031475185e+20
494.0 2.80534622704e+20
495.0 3.08588084974e+20
496.0 3.39446893471e+20
497.0 3.73391582818e+20
498.0 4.107307411e+20
499.0 4.5180381521e+20
500.0 4.96984196731e+20
501.0 5.46682616404e+20
502.0 6.01350878045e+20
503.0 6.61485965849e+20
504.0 7.27634562434e+20
505.0 8.00398018678e+20
506.0 8.80437820545e+20
507.0 9.684816026e+20
508.0 1.06532976286e+21
509.0 1.17186273915e+21
510.0 1.28904901306e+21
511.0 1.41795391437e+21
512.0 1.5597493058e+21
513.0 1.71572423638e+21
514.0 1.88729666002e+21
515.0 2.07602632602e+21
516.0 2.28362895863e+21
517.0 2.51199185449e+21
518.0 2.76319103994e+21
519.0 3.03951014393e+21
520.0 3.34346115833e+21
521.0 3.67780727416e+21
522.0 4.04558800157e+21
523.0 4.45014680173e+21
524.0 4.8951614819e+21
525.0 5.38467763009e+21
526.0 5.9231453931e+21
527.0 6.51545993241e+21
528.0 7.16700592566e+21
529.0 7.88370651822e+21
530.0 8.67207717004e+21
531.0 9.53928488705e+21
532.0 1.04932133758e+22
533.0 1.15425347133e+22
534.0 1.26967881847e+22
535.0 1.39664670031e+22
536.0 1.53631137034e+22
537.0 1.68994250738e+22
538.0 1.85893675812e+22
539.0 2.04483043393e+22
540.0 2.24931347732e+22
541.0 2.47424482505e+22
542.0 2.72166930756e+22
543.0 2.99383623831e+22
544.0 3.29321986214e+22
545.0 3.62254184836e+22
546.0 3.9847960332e+22
547.0 4.38327563651e+22
548.0 4.82160320017e+22
549.0 5.30376352018e+22
550.0 5.8341398722e+22
551.0 6.41755385942e+22
552.0 7.05930924536e+22
553.0 7.7652401699e+22
554.0 8.54176418689e+22
555.0 9.39594060558e+22
556.0 1.03355346661e+23
557.0 1.13690881328e+23
558.0 1.2505996946e+23
559.0 1.37565966406e+23
560.0 1.51322563047e+23
561.0 1.66454819352e+23
562.0 1.83100301287e+23
563.0 2.01410331415e+23
564.0 2.21551364557e+23
565.0 2.43706501013e+23
566.0 2.68077151114e+23
567.0 2.94884866225e+23
568.0 3.24373352848e+23
569.0 3.56810688133e+23
570.0 3.92491756946e+23
571.0 4.31740932641e+23
572.0 4.74915025905e+23
573.0 5.22406528495e+23
574.0 5.74647181345e+23
575.0 6.32111899479e+23
576.0 6.95323089427e+23
577.0 7.6485539837e+23
578.0 8.41340938207e+23
579.0 9.25475032027e+23
580.0 1.01802253523e+24
581.0 1.11982478875e+24
582.0 1.23180726763e+24
583.0 1.35498799439e+24
584.0 1.49048679383e+24
585.0 1.63953547321e+24
586.0 1.80348902053e+24
587.0 1.98383792259e+24
588.0 2.18222171485e+24
589.0 2.40044388633e+24
590.0 2.64048827496e+24
591.0 2.90453710246e+24
592.0 3.19499081271e+24
593.0 3.51448989398e+24
594.0 3.86593888338e+24
595.0 4.25253277171e+24
596.0 4.67778604888e+24
597.0 5.14556465377e+24
598.0 5.66012111915e+24
599.0 6.22613323106e+24
600.0 6.84874655417e+24
601.0 7.53362120959e+24
602.0 8.28698333055e+24
603.0 9.1156816636e+24
604.0 1.002724983e+25
605.0 1.1029974813e+25
606.0 1.21329722943e+25
607.0 1.33462695237e+25
608.0 1.4680896476e+25
609.0 1.61489861237e+25
610.0 1.7763884736e+25
611.0 1.95402732096e+25
612.0 2.14943005306e+25
613.0 2.36437305836e+25
614.0 2.6008103642e+25
615.0 2.86089140062e+25
616.0 3.14698054068e+25
617.0 3.46167859475e+25
618.0 3.80784645423e+25
619.0 4.18863109965e+25
620.0 4.60749420961e+25
621.0 5.06824363057e+25
622.0 5.57506799363e+25
623.0 6.132574793e+25
624.0 6.74583227229e+25
625.0 7.42041549952e+25
626.0 8.16245704948e+25
627.0 8.97870275442e+25
628.0 9.87657302987e+25
629.0 1.08642303329e+26
630.0 1.19506533661e+26
631.0 1.31457187028e+26
632.0 1.4460290573e+26
633.0 1.59063196303e+26
634.0 1.74969515934e+26
635.0 1.92466467527e+26
636.0 2.1171311428e+26
637.0 2.32884425708e+26
638.0 2.56172868278e+26
639.0 2.81790155106e+26
640.0 3.09969170617e+26
641.0 3.40966087679e+26
642.0 3.75062696446e+26
643.0 4.12568966091e+26
644.0 4.538258627e+26
645.0 4.9920844897e+26
646.0 5.49129293867e+26
647.0 6.04042223254e+26
648.0 6.64446445579e+26
649.0 7.30891090137e+26
650.0 8.03980199151e+26
651.0 8.84378219066e+26
652.0 9.72816040973e+26
653.0 1.07009764507e+27
654.0 1.17710740958e+27
655.0 1.29481815053e+27
656.0 1.42429996559e+27
657.0 1.56672996215e+27
658.0 1.72340295836e+27
659.0 1.8957432542e+27
660.0 2.08531757962e+27
661.0 2.29384933758e+27
662.0 2.52323427134e+27
663.0 2.77555769847e+27
664.0 3.05311346832e+27
665.0 3.35842481515e+27
666.0 3.69426729667e+27
667.0 4.06369402633e+27
668.0 4.47006342896e+27
669.0 4.91706977186e+27
670.0 5.40877674905e+27
671.0 5.94965442395e+27
672.0 6.54461986635e+27
673.0 7.19908185298e+27
674.0 7.91899003828e+27
675.0 8.71088904211e+27
676.0 9.58197794632e+27
677.0 1.0540175741e+28
678.0 1.1594193315e+28
679.0 1.27536126466e+28
680.0 1.40289739112e+28
681.0 1.54318713023e+28
682.0 1.69750584326e+28
683.0 1.86725642758e+28
684.0 2.05398207034e+28
685.0 2.25938027737e+28
686.0 2.48531830511e+28
687.0 2.73385013562e+28
688.0 3.00723514918e+28
689.0 3.3079586641e+28
690.0 3.63875453051e+28
691.0 4.00262998356e+28
692.0 4.40289298192e+28
693.0 4.84318228011e+28
694.0 5.32750050812e+28
695.0 5.86025055894e+28
696.0 6.44627561483e+28
697.0 7.09090317631e+28
698.0 7.79999349394e+28
699.0 8.57999284334e+28
700.0 9.43799212767e+28
701.0 1.03817913404e+29
702.0 1.14199704745e+29
703.0 1.25619675219e+29
704.0 1.38181642741e+29
705.0 1.51999807015e+29
706.0 1.67199787717e+29
707.0 1.83919766489e+29
708.0 2.02311743137e+29
709.0 2.22542917451e+29
710.0 2.44797209196e+29
711.0 2.69276930116e+29
712.0 2.96204623128e+29
713.0 3.2582508544e+29
714.0 3.58407593984e+29
715.0 3.94248353383e+29
716.0 4.33673188721e+29
717.0 4.77040507593e+29
718.0 5.24744558353e+29
719.0 5.77219014188e+29
720.0 6.34940915607e+29
721.0 6.98435007167e+29
722.0 7.68278507884e+29
723.0 8.45106358672e+29
724.0 9.2961699454e+29
725.0 1.02257869399e+30
726.0 1.12483656339e+30
727.0 1.23732021973e+30
728.0 1.36105224171e+30
729.0 1.49715746588e+30
730.0 1.64687321246e+30
731.0 1.81156053371e+30
732.0 1.99271658708e+30
733.0 2.19198824579e+30
734.0 2.41118707037e+30
735.0 2.6523057774e+30
736.0 2.91753635515e+30
737.0 3.20928999066e+30
738.0 3.53021898973e+30
739.0 3.8832408887e+30
740.0 4.27156497757e+30
741.0 4.69872147532e+30
742.0 5.16859362286e+30
743.0 5.68545298514e+30
744.0 6.25399828366e+30
745.0 6.87939811202e+30
746.0 7.56733792323e+30
747.0 8.32407171555e+30
748.0 9.1564788871e+30
749.0 1.00721267758e+31
750.0 1.10793394534e+31
751.0 1.21872733987e+31
752.0 1.34060007386e+31
753.0 1.47466008125e+31
754.0 1.62212608937e+31
755.0 1.78433869831e+31
756.0 1.96277256814e+31
757.0 2.15904982495e+31
758.0 2.37495480745e+31
759.0 2.61245028819e+31
760.0 2.87369531701e+31
761.0 3.16106484871e+31
762.0 3.47717133359e+31
763.0 3.82488846694e+31
764.0 4.20737731364e+31
765.0 4.628115045e+31
766.0 5.0909265495e+31
767.0 5.60001920445e+31
768.0 6.1600211249e+31
769.0 6.77602323739e+31
770.0 7.45362556113e+31
771.0 8.19898811724e+31
772.0 9.01888692896e+31
773.0 9.92077562186e+31
774.0 1.0912853184e+32
775.0 1.20041385025e+32
776.0 1.32045523527e+32
777.0 1.4525007588e+32
778.0 1.59775083468e+32
779.0 1.75752591814e+32
780.0 1.93327850996e+32
781.0 2.12660636095e+32
782.0 2.33926699705e+32
783.0 2.57319369675e+32
784.0 2.83051306643e+32
785.0 3.11356437307e+32
786.0 3.42492081038e+32
787.0 3.76741289142e+32
788.0 4.14415418056e+32
789.0 4.55856959862e+32
790.0 5.01442655848e+32
791.0 5.51586921433e+32
792.0 6.06745613576e+32
793.0 6.67420174933e+32
794.0 7.34162192427e+32
795.0 8.07578411669e+32
796.0 8.88336252836e+32
797.0 9.7716987812e+32
798.0 1.07488686593e+33
799.0 1.18237555253e+33
800.0 1.30061310778e+33
801.0 1.43067441856e+33
802.0 1.57374186041e+33
803.0 1.73111604645e+33
804.0 1.9042276511e+33
805.0 2.09465041621e+33
806.0 2.30411545783e+33
807.0 2.53452700361e+33
808.0 2.78797970397e+33
809.0 3.06677767437e+33
810.0 3.37345544181e+33
811.0 3.71080098599e+33
812.0 4.08188108458e+33
813.0 4.49006919304e+33
814.0 4.93907611235e+33
815.0 5.43298372358e+33
816.0 5.97628209594e+33
817.0 6.57391030553e+33
818.0 7.23130133609e+33
819.0 7.9544314697e+33
820.0 8.74987461667e+33
821.0 9.62486207833e+33
822.0 1.05873482862e+34
823.0 1.16460831148e+34
824.0 1.28106914263e+34
825.0 1.40917605689e+34
826.0 1.55009366258e+34
827.0 1.70510302884e+34
828.0 1.87561333172e+34
829.0 2.06317466489e+34
830.0 2.26949213138e+34
831.0 2.49644134452e+34
832.0 2.74608547897e+34
833.0 3.02069402687e+34
834.0 3.32276342955e+34
835.0 3.65503977251e+34
836.0 4.02054374976e+34
837.0 4.42259812474e+34
838.0 4.86485793721e+34
839.0 5.35134373093e+34
840.0 5.88647810402e+34
841.0 6.47512591442e+34
842.0 7.12263850587e+34
843.0 7.83490235645e+34
844.0 8.6183925921e+34
845.0 9.48023185131e+34
846.0 1.04282550364e+35
847.0 1.14710805401e+35
848.0 1.26181885941e+35
849.0 1.38800074535e+35
850.0 1.52680081989e+35
851.0 1.67948090187e+35
852.0 1.84742899206e+35
853.0 2.03217189127e+35
854.0 2.23538908039e+35
855.0 2.45892798843e+35
856.0 2.70482078728e+35
857.0 2.975302866e+35
858.0 3.2728331526e+35
859.0 3.60011646787e+35
860.0 3.96012811465e+35
861.0 4.35614092612e+35
862.0 4.79175501873e+35
863.0 5.2709305206e+35
864.0 5.79802357266e+35
865.0 6.37782592993e+35
866.0 7.01560852292e+35
867.0 7.71716937521e+35
868.0 8.48888631273e+35
869.0 9.33777494401e+35
870.0 1.02715524384e+36
871.0 1.12987076822e+36
872.0 1.24285784505e+36
873.0 1.36714362955e+36
874.0 1.50385799251e+36
875.0 1.65424379176e+36
876.0 1.81966817093e+36
877.0 2.00163498803e+36
878.0 2.20179848683e+36
879.0 2.42197833551e+36
880.0 2.66417616906e+36
881.0 2.93059378597e+36
882.0 3.22365316457e+36
883.0 3.54601848102e+36
884.0 3.90062032913e+36
885.0 4.29068236204e+36
886.0 4.71975059824e+36
887.0 5.19172565807e+36
888.0 5.71089822387e+36
889.0 6.28198804626e+36
890.0 6.91018685089e+36
891.0 7.60120553598e+36
892.0 8.36132608958e+36
893.0 9.19745869853e+36
894.0 1.01172045684e+37
895.0 1.11289250252e+37
896.0 1.22418175277e+37
897.0 1.34659992805e+37
898.0 1.48125992086e+37
899.0 1.62938591294e+37
900.0 1.79232450424e+37
901.0 1.97155695466e+37
902.0 2.16871265013e+37
903.0 2.38558391514e+37
904.0 2.62414230665e+37
905.0 2.88655653732e+37
906.0 3.17521219105e+37
907.0 3.49273341016e+37
908.0 3.84200675117e+37
909.0 4.22620742629e+37
910.0 4.64882816892e+37
911.0 5.11371098581e+37
912.0 5.62508208439e+37
913.0 6.18759029283e+37
914.0 6.80634932211e+37
915.0 7.48698425432e+37
916.0 8.23568267976e+37
917.0 9.05925094773e+37
918.0 9.96517604251e+37
919.0 1.09616936468e+38
920.0 1.20578630114e+38
921.0 1.32636493126e+38
922.0 1.45900142438e+38
923.0 1.60490156682e+38
924.0 1.7653917235e+38
925.0 1.94193089585e+38
926.0 2.13612398544e+38
927.0 2.34973638398e+38
928.0 2.58471002238e+38
929.0 2.84318102462e+38
930.0 3.12749912708e+38
931.0 3.44024903979e+38
932.0 3.78427394377e+38
933.0 4.16270133815e+38
934.0 4.57897147196e+38
935.0 5.03686861916e+38
936.0 5.54055548107e+38
937.0 6.09461102918e+38
938.0 6.7040721321e+38
939.0 7.37447934531e+38
940.0 8.11192727984e+38
941.0 8.92312000782e+38
942.0 9.8154320086e+38
943.0 1.07969752095e+39
944.0 1.18766727304e+39
945.0 1.30643400035e+39
946.0 1.43707740038e+39
947.0 1.58078514042e+39
948.0 1.73886365446e+39
949.0 1.91275001991e+39
950.0 2.1040250219e+39
951.0 2.31442752409e+39
952.0 2.54587027649e+39
953.0 2.80045730414e+39
954.0 3.08050303456e+39
955.0 3.38855333801e+39
956.0 3.72740867182e+39
957.0 4.100149539e+39
958.0 4.5101644929e+39
959.0 4.96118094219e+39
960.0 5.4572990364e+39
961.0 6.00302894005e+39
962.0 6.60333183405e+39
963.0 7.26366501745e+39
964.0 7.9900315192e+39
965.0 8.78903467112e+39
966.0 9.66793813823e+39
967.0 1.06347319521e+40
968.0 1.16982051473e+40
969.0 1.2868025662e+40
970.0 1.41548282282e+40
971.0 1.5570311051e+40
972.0 1.71273421561e+40
973.0 1.88400763717e+40
974.0 2.07240840089e+40
975.0 2.27964924098e+40
976.0 2.50761416508e+40
977.0 2.75837558158e+40
978.0 3.03421313974e+40
979.0 3.33763445372e+40
980.0 3.67139789909e+40
981.0 4.038537689e+40
982.0 4.44239145789e+40
983.0 4.88663060368e+40
984.0 5.37529366405e+40
985.0 5.91282303046e+40
986.0 6.5041053335e+40
987.0 7.15451586685e+40
988.0 7.86996745354e+40
989.0 8.65696419889e+40
990.0 9.52266061878e+40
991.0 1.04749266807e+41
992.0 1.15224193487e+41
993.0 1.26746612836e+41
994.0 1.3942127412e+41
995.0 1.53363401532e+41
996.0 1.68699741685e+41
997.0 1.85569715853e+41
998.0 2.04126687439e+41
999.0 2.24539356182e+41
