#nt x y x_var y_var r_var
1 1.360000e-03 3.050000e-03 1.270000e-03 9.211782e-01 9.143007e-01 9.238884e-01 2.759367e+00
2 9.100000e-04 1.950000e-03 -2.800000e-04 1.387469e+00 1.360286e+00 1.381980e+00 4.129735e+00
3 1.280000e-03 3.320000e-03 3.870000e-03 1.849878e+00 1.816609e+00 1.848815e+00 5.515302e+00
4 -3.740000e-03 5.980000e-03 5.700000e-03 2.317166e+00 2.274364e+00 2.310588e+00 6.902118e+00
5 -5.370000e-03 4.170000e-03 3.900000e-03 2.778181e+00 2.729153e+00 2.771565e+00 8.278899e+00
6 -8.560000e-03 4.670000e-03 2.730000e-03 3.242967e+00 3.193228e+00 3.238683e+00 9.674877e+00
7 -1.018000e-02 2.200000e-03 1.280000e-03 3.709816e+00 3.649595e+00 3.704698e+00 1.106411e+01
8 -1.002000e-02 2.080000e-03 5.500000e-04 4.186560e+00 4.097016e+00 4.173610e+00 1.245718e+01
9 -6.310000e-03 7.320000e-03 -9.000000e-05 4.647610e+00 4.563366e+00 4.642570e+00 1.385355e+01
10 -6.360000e-03 4.980000e-03 2.360000e-03 5.099860e+00 5.025995e+00 5.092234e+00 1.521809e+01
11 -6.790000e-03 5.540000e-03 1.550000e-03 5.564644e+00 5.454649e+00 5.540288e+00 1.655958e+01
12 -4.980000e-03 1.053000e-02 1.140000e-03 6.030575e+00 5.908059e+00 5.998339e+00 1.793697e+01
13 -3.500000e-03 9.470000e-03 2.310000e-03 6.486248e+00 6.378020e+00 6.434125e+00 1.929839e+01
14 -2.810000e-03 9.240000e-03 2.940000e-03 6.932022e+00 6.812155e+00 6.881411e+00 2.062559e+01
16 1.630000e-03 1.373000e-02 1.950000e-03 7.830767e+00 7.700521e+00 7.763866e+00 2.329516e+01
17 7.810000e-03 1.604000e-02 2.310000e-03 8.263129e+00 8.150923e+00 8.207745e+00 2.462180e+01
19 4.190000e-03 1.844000e-02 6.540000e-03 9.140852e+00 9.021420e+00 9.092817e+00 2.725509e+01
21 2.040000e-03 1.656000e-02 3.540000e-03 9.965096e+00 9.873506e+00 9.951367e+00 2.978997e+01
23 1.910000e-03 1.320000e-02 8.000000e-03 1.080273e+01 1.072583e+01 1.077320e+01 3.230175e+01
26 6.800000e-04 1.389000e-02 5.160000e-03 1.200804e+01 1.194786e+01 1.197275e+01 3.592865e+01
28 -2.290000e-03 1.286000e-02 4.120000e-03 1.275596e+01 1.271601e+01 1.270920e+01 3.818118e+01
31 -1.049000e-02 1.519000e-02 -1.870000e-03 1.386316e+01 1.384414e+01 1.382101e+01 4.152831e+01
34 -1.128000e-02 9.040000e-03 1.810000e-03 1.488935e+01 1.488922e+01 1.487143e+01 4.465000e+01
37 -1.400000e-02 7.690000e-03 -2.300000e-04 1.583026e+01 1.581933e+01 1.581531e+01 4.746490e+01
41 -1.539000e-02 1.610000e-03 -2.620000e-03 1.703979e+01 1.704477e+01 1.703907e+01 5.112363e+01
45 -2.026000e-02 4.530000e-03 -4.440000e-03 1.816189e+01 1.813567e+01 1.816190e+01 5.445946e+01
50 -2.652000e-02 -5.000000e-05 -6.600000e-03 1.936970e+01 1.936197e+01 1.941280e+01 5.814446e+01
55 -1.922000e-02 -3.630000e-03 -1.437000e-02 2.051557e+01 2.051860e+01 2.059208e+01 6.162625e+01
60 -2.172000e-02 -9.730000e-03 -2.300000e-02 2.156633e+01 2.149310e+01 2.163827e+01 6.469769e+01
66 -3.011000e-02 -1.150000e-02 -2.582000e-02 2.270248e+01 2.263315e+01 2.274911e+01 6.808474e+01
73 -3.126000e-02 -1.622000e-02 -2.938000e-02 2.385046e+01 2.386032e+01 2.394682e+01 7.165760e+01
80 -3.707000e-02 -2.302000e-02 -3.242000e-02 2.488622e+01 2.489029e+01 2.500059e+01 7.477709e+01
88 -3.275000e-02 -2.916000e-02 -3.732000e-02 2.599994e+01 2.602301e+01 2.608357e+01 7.810651e+01
97 -3.533000e-02 -3.761000e-02 -4.612000e-02 2.706564e+01 2.713850e+01 2.712161e+01 8.132575e+01
107 -4.203000e-02 -4.209000e-02 -4.679000e-02 2.822808e+01 2.822340e+01 2.824396e+01 8.469544e+01
117 -5.396000e-02 -4.158000e-02 -5.496000e-02 2.925755e+01 2.918145e+01 2.921786e+01 8.765686e+01
129 -6.302000e-02 -5.264000e-02 -5.989000e-02 3.035823e+01 3.030639e+01 3.034158e+01 9.100620e+01
142 -6.649000e-02 -5.991000e-02 -6.894000e-02 3.145977e+01 3.137886e+01 3.149849e+01 9.433712e+01
156 -7.633000e-02 -6.994000e-02 -7.474000e-02 3.256020e+01 3.248913e+01 3.260565e+01 9.765499e+01
172 -8.665000e-02 -7.127000e-02 -7.511000e-02 3.378306e+01 3.368425e+01 3.383725e+01 1.013046e+02
189 -9.523000e-02 -7.886000e-02 -8.716000e-02 3.498768e+01 3.489042e+01 3.501788e+01 1.048960e+02
208 -1.052900e-01 -9.039000e-02 -9.732000e-02 3.639026e+01 3.617018e+01 3.637199e+01 1.089324e+02
229 -1.113000e-01 -9.424000e-02 -1.037000e-01 3.783653e+01 3.767960e+01 3.785197e+01 1.133681e+02
252 -1.152000e-01 -1.037400e-01 -1.050200e-01 3.942939e+01 3.918612e+01 3.936411e+01 1.179796e+02
277 -1.256700e-01 -1.050400e-01 -1.109100e-01 4.116156e+01 4.080163e+01 4.107821e+01 1.230414e+02
304 -1.314200e-01 -1.024500e-01 -1.124000e-01 4.299221e+01 4.271827e+01 4.285313e+01 1.285636e+02
335 -1.397000e-01 -1.211600e-01 -1.069600e-01 4.516524e+01 4.460706e+01 4.505382e+01 1.348261e+02
368 -1.453600e-01 -1.259300e-01 -1.229700e-01 4.733649e+01 4.674201e+01 4.725345e+01 1.413320e+02
405 -1.466100e-01 -1.380200e-01 -1.316700e-01 4.985724e+01 4.921855e+01 4.983053e+01 1.489063e+02
446 -1.431800e-01 -1.521200e-01 -1.304500e-01 5.271514e+01 5.214420e+01 5.266311e+01 1.575225e+02
490 -1.483900e-01 -1.534800e-01 -1.404300e-01 5.558913e+01 5.530502e+01 5.571437e+01 1.666085e+02
539 -1.574700e-01 -1.681100e-01 -1.450600e-01 5.899535e+01 5.875095e+01 5.923334e+01 1.769796e+02
593 -1.666300e-01 -1.769700e-01 -1.652500e-01 6.293374e+01 6.265779e+01 6.335514e+01 1.889467e+02
653 -1.676800e-01 -1.896400e-01 -1.575300e-01 6.711908e+01 6.693524e+01 6.762281e+01 2.016771e+02
718 -1.828800e-01 -1.788900e-01 -1.704800e-01 7.196005e+01 7.184489e+01 7.221258e+01 2.160175e+02
790 -1.870500e-01 -1.666900e-01 -1.816300e-01 7.741092e+01 7.719116e+01 7.723700e+01 2.318391e+02
869 -1.920800e-01 -1.755600e-01 -1.821400e-01 8.327657e+01 8.311226e+01 8.272603e+01 2.491148e+02
956 -2.001700e-01 -1.785900e-01 -2.036000e-01 8.976516e+01 8.946196e+01 8.932513e+01 2.685522e+02
1051 -1.993600e-01 -1.667500e-01 -2.030200e-01 9.683702e+01 9.612428e+01 9.625974e+01 2.892210e+02
1156 -2.005800e-01 -1.755400e-01 -2.095100e-01 1.042766e+02 1.040511e+02 1.042404e+02 3.125681e+02
1272 -1.996000e-01 -1.738400e-01 -2.257300e-01 1.130306e+02 1.131196e+02 1.126749e+02 3.388250e+02
1399 -2.039100e-01 -2.093300e-01 -2.358600e-01 1.228431e+02 1.223374e+02 1.220516e+02 3.672320e+02
1539 -2.021900e-01 -2.039500e-01 -2.539000e-01 1.334950e+02 1.325621e+02 1.327409e+02 3.987980e+02
1693 -1.979100e-01 -2.188500e-01 -2.647300e-01 1.449572e+02 1.438041e+02 1.446876e+02 4.334490e+02
1862 -1.922200e-01 -2.305100e-01 -2.535800e-01 1.574408e+02 1.568965e+02 1.574291e+02 4.717663e+02
2048 -2.008200e-01 -2.269500e-01 -2.439400e-01 1.714042e+02 1.705373e+02 1.714852e+02 5.134267e+02
2253 -2.025400e-01 -2.310600e-01 -2.578600e-01 1.864853e+02 1.862857e+02 1.865901e+02 5.593610e+02
2479 -2.124900e-01 -2.537700e-01 -2.796600e-01 2.031689e+02 2.020375e+02 2.042100e+02 6.094163e+02
2726 -2.305500e-01 -2.619000e-01 -2.664300e-01 2.214661e+02 2.206035e+02 2.227146e+02 6.647842e+02
2999 -2.353800e-01 -2.680500e-01 -2.571100e-01 2.415077e+02 2.399059e+02 2.423045e+02 7.237181e+02
3299 -2.375600e-01 -2.600200e-01 -2.748700e-01 2.644614e+02 2.630678e+02 2.648372e+02 7.923664e+02
3629 -2.594600e-01 -2.657100e-01 -2.948700e-01 2.883161e+02 2.885437e+02 2.879647e+02 8.648245e+02
3992 -2.705200e-01 -2.629600e-01 -3.155500e-01 3.150196e+02 3.156974e+02 3.149385e+02 9.456555e+02
4391 -2.805400e-01 -2.796000e-01 -3.402300e-01 3.435307e+02 3.446525e+02 3.440294e+02 1.032213e+03
4830 -2.816800e-01 -2.911100e-01 -3.318100e-01 3.756237e+02 3.768119e+02 3.763450e+02 1.128781e+03
5313 -2.698000e-01 -2.799100e-01 -3.549300e-01 4.107201e+02 4.114670e+02 4.125644e+02 1.234752e+03
5844 -2.718400e-01 -2.429800e-01 -3.629700e-01 4.490792e+02 4.503130e+02 4.518727e+02 1.351265e+03
6429 -2.996000e-01 -2.534700e-01 -3.341900e-01 4.916080e+02 4.918116e+02 4.938138e+02 1.477233e+03
7072 -2.980100e-01 -2.398800e-01 -3.762700e-01 5.365607e+02 5.389187e+02 5.390898e+02 1.614569e+03
7779 -2.593500e-01 -2.592700e-01 -3.572400e-01 5.864079e+02 5.897744e+02 5.892156e+02 1.765398e+03
8557 -2.669100e-01 -2.466800e-01 -3.763600e-01 6.403816e+02 6.460947e+02 6.458866e+02 1.932363e+03
9412 -2.376700e-01 -2.462500e-01 -3.752600e-01 6.988235e+02 7.066477e+02 7.077582e+02 2.113229e+03
10354 -2.188600e-01 -2.126300e-01 -4.435000e-01 7.665841e+02 7.743305e+02 7.729465e+02 2.313861e+03
11389 -2.109000e-01 -1.834100e-01 -4.105700e-01 8.407510e+02 8.473393e+02 8.474974e+02 2.535588e+03
12528 -1.830700e-01 -1.803300e-01 -3.805000e-01 9.214148e+02 9.272852e+02 9.277284e+02 2.776428e+03
13781 -1.509100e-01 -2.064300e-01 -3.910000e-01 1.009669e+03 1.015513e+03 1.018070e+03 3.043252e+03
15159 -1.386800e-01 -1.330600e-01 -3.700000e-01 1.106106e+03 1.113984e+03 1.113007e+03 3.333098e+03
16675 -1.207000e-01 -1.094400e-01 -3.577200e-01 1.215134e+03 1.220852e+03 1.214888e+03 3.650874e+03
18342 -1.673000e-01 -1.530200e-01 -3.452800e-01 1.332266e+03 1.339031e+03 1.328994e+03 4.000291e+03
20176 -1.268100e-01 -1.374000e-01 -3.295200e-01 1.461746e+03 1.466673e+03 1.459054e+03 4.387472e+03
22194 -1.429100e-01 -1.121900e-01 -3.107700e-01 1.601838e+03 1.607251e+03 1.595890e+03 4.804978e+03
24413 -1.257500e-01 -1.329300e-01 -2.991200e-01 1.753372e+03 1.751352e+03 1.742828e+03 5.247552e+03
26855 -1.133000e-01 -1.660300e-01 -3.013800e-01 1.912231e+03 1.929831e+03 1.913043e+03 5.755105e+03
29540 -1.329500e-01 -1.445000e-01 -2.760500e-01 2.087526e+03 2.119206e+03 2.097540e+03 6.304271e+03
32494 -3.693000e-02 -1.649500e-01 -3.223100e-01 2.286332e+03 2.327859e+03 2.302798e+03 6.916989e+03
35743 -2.889000e-02 -1.200500e-01 -3.546100e-01 2.515266e+03 2.552816e+03 2.520687e+03 7.588769e+03
39318 -6.910000e-02 -1.201900e-01 -3.400800e-01 2.749707e+03 2.790143e+03 2.764741e+03 8.304591e+03
43249 -6.858000e-02 -2.039000e-02 -3.996400e-01 3.018806e+03 3.060457e+03 3.035316e+03 9.114579e+03
47574 -3.186000e-02 -3.830000e-02 -3.309000e-01 3.309053e+03 3.349241e+03 3.322053e+03 9.980348e+03
52332 -1.202000e-01 3.902000e-02 -3.303000e-01 3.624032e+03 3.662305e+03 3.651844e+03 1.093818e+04
57565 -8.683000e-02 -5.866000e-02 -4.289300e-01 3.981702e+03 4.015009e+03 4.004008e+03 1.200072e+04
63322 -1.490500e-01 -7.228000e-02 -3.447400e-01 4.372080e+03 4.390137e+03 4.382158e+03 1.314438e+04
69654 -2.540300e-01 -1.661400e-01 -2.805600e-01 4.804796e+03 4.824758e+03 4.812878e+03 1.444243e+04
76619 -2.170600e-01 -1.521600e-01 -1.768700e-01 5.284572e+03 5.295412e+03 5.285624e+03 1.586561e+04
84281 -2.241800e-01 -1.389300e-01 -1.571200e-01 5.798842e+03 5.790858e+03 5.800526e+03 1.739023e+04
92709 -1.185300e-01 -7.677000e-02 -1.192900e-01 6.366594e+03 6.346477e+03 6.356496e+03 1.906957e+04
101980 -2.675700e-01 -3.243000e-02 -7.348000e-02 6.975115e+03 6.993126e+03 6.979078e+03 2.094732e+04
112178 -3.212600e-01 2.558000e-02 -3.917000e-02 7.671230e+03 7.685379e+03 7.655291e+03 2.301190e+04
123396 -3.441900e-01 -3.574000e-02 -3.244000e-02 8.440570e+03 8.427114e+03 8.379806e+03 2.524749e+04
135735 -3.432200e-01 -5.020000e-03 -7.130000e-02 9.258634e+03 9.286720e+03 9.218083e+03 2.776344e+04
149309 -4.570700e-01 1.516300e-01 -1.962100e-01 1.018961e+04 1.016417e+04 1.014613e+04 3.049990e+04
164240 -3.374500e-01 2.419700e-01 -2.312300e-01 1.119255e+04 1.118400e+04 1.112064e+04 3.349719e+04
180664 -3.346900e-01 2.192500e-01 -1.022300e-01 1.233706e+04 1.228259e+04 1.222087e+04 3.684052e+04
198730 -3.381200e-01 3.870900e-01 -9.699000e-02 1.352625e+04 1.347817e+04 1.341090e+04 4.041532e+04
218603 -5.129500e-01 3.437500e-01 -2.800600e-01 1.486972e+04 1.480686e+04 1.470969e+04 4.438627e+04
240463 -7.057600e-01 3.594100e-01 -9.408000e-02 1.633829e+04 1.622908e+04 1.617311e+04 4.874049e+04
264510 -8.117700e-01 3.245900e-01 -1.956600e-01 1.793857e+04 1.790873e+04 1.775144e+04 5.359873e+04
290961 -7.456300e-01 4.498800e-01 -5.235800e-01 1.972561e+04 1.965732e+04 1.953727e+04 5.892021e+04
320057 -7.219600e-01 5.825400e-01 -5.660500e-01 2.177417e+04 2.160751e+04 2.148148e+04 6.486316e+04
352063 -7.395900e-01 7.331900e-01 -5.231000e-01 2.390647e+04 2.384399e+04 2.361979e+04 7.137025e+04
387269 -7.943700e-01 6.837200e-01 -7.325200e-01 2.625003e+04 2.627252e+04 2.602836e+04 7.855091e+04
425996 -6.974900e-01 6.398700e-01 -8.483100e-01 2.896455e+04 2.889243e+04 2.851243e+04 8.636941e+04
468595 -7.193600e-01 6.538800e-01 -8.294900e-01 3.185401e+04 3.172739e+04 3.132461e+04 9.490601e+04
515455 -8.742800e-01 5.499600e-01 -1.041660e+00 3.496193e+04 3.487292e+04 3.448552e+04 1.043204e+05
567000 -7.381800e-01 5.718400e-01 -1.055810e+00 3.835971e+04 3.833631e+04 3.802596e+04 1.147220e+05
623700 -9.307600e-01 5.260000e-01 -1.049010e+00 4.221488e+04 4.213225e+04 4.191808e+04 1.262652e+05
686070 -8.731900e-01 4.788900e-01 -1.172700e+00 4.652921e+04 4.639251e+04 4.609843e+04 1.390201e+05
754677 -6.969400e-01 3.247400e-01 -9.683000e-01 5.116885e+04 5.100862e+04 5.066988e+04 1.528474e+05
830145 -8.922100e-01 8.860000e-02 -1.228570e+00 5.616925e+04 5.600751e+04 5.559318e+04 1.677699e+05
913160 -9.027000e-01 -3.843600e-01 -1.263580e+00 6.181552e+04 6.175566e+04 6.115795e+04 1.847291e+05
1004475 -4.134800e-01 -1.489000e-02 -1.681030e+00 6.805014e+04 6.792431e+04 6.744755e+04 2.034220e+05
1104923 -1.276000e-01 -3.847700e-01 -1.703100e+00 7.482411e+04 7.469097e+04 7.440334e+04 2.239184e+05
1215415 -2.206000e-02 -4.152600e-01 -1.863690e+00 8.223810e+04 8.228748e+04 8.197966e+04 2.465052e+05
1336957 -3.424900e-01 -7.447500e-01 -2.345360e+00 9.058623e+04 9.054975e+04 8.992409e+04 2.710601e+05
1470653 -3.363000e-01 -7.605200e-01 -2.290170e+00 9.937497e+04 9.975991e+04 9.875715e+04 2.978920e+05
1617718 3.747500e-01 -6.030700e-01 -2.448750e+00 1.093464e+05 1.093925e+05 1.087243e+05 3.274631e+05
1779490 5.811200e-01 -1.547600e-01 -2.304560e+00 1.199964e+05 1.205400e+05 1.198728e+05 3.604092e+05
1957439 3.310900e-01 -3.632200e-01 -1.998760e+00 1.321787e+05 1.324386e+05 1.317719e+05 3.963892e+05
2153182 1.920000e-03 -4.223300e-01 -1.594430e+00 1.453944e+05 1.454976e+05 1.449328e+05 4.358247e+05
2368501 -6.243000e-02 -1.017350e+00 -1.237160e+00 1.596080e+05 1.604940e+05 1.593444e+05 4.794464e+05
2605351 -9.885800e-01 -1.110880e+00 -1.259420e+00 1.758566e+05 1.763243e+05 1.751781e+05 5.273590e+05
2865886 -1.776710e+00 -7.914600e-01 -1.464600e+00 1.928711e+05 1.943844e+05 1.926587e+05 5.799143e+05
3152474 -2.230850e+00 -1.901810e+00 -2.349110e+00 2.122490e+05 2.134168e+05 2.120678e+05 6.377336e+05
3467722 -2.421270e+00 -1.951750e+00 -2.418850e+00 2.334403e+05 2.338776e+05 2.340038e+05 7.013217e+05
3814494 -1.656340e+00 -2.672860e+00 -3.055870e+00 2.567095e+05 2.569963e+05 2.579869e+05 7.716927e+05
4195943 -1.415270e+00 -2.841400e+00 -2.987850e+00 2.814429e+05 2.830857e+05 2.840475e+05 8.485762e+05
4615538 -2.151690e+00 -3.000600e+00 -3.233220e+00 3.094773e+05 3.108302e+05 3.118296e+05 9.321371e+05
5077092 -2.004830e+00 -3.002320e+00 -2.418270e+00 3.398893e+05 3.409766e+05 3.431595e+05 1.024025e+06
5584801 -2.054450e+00 -2.762320e+00 -2.281650e+00 3.747199e+05 3.758345e+05 3.772101e+05 1.127764e+06
6143281 -2.515650e+00 -2.464070e+00 -2.316130e+00 4.124537e+05 4.141422e+05 4.145835e+05 1.241179e+06
6757609 -2.697970e+00 -2.620240e+00 -3.188120e+00 4.533739e+05 4.568258e+05 4.545784e+05 1.364778e+06
7433370 -2.640560e+00 -3.803310e+00 -2.974190e+00 4.976586e+05 5.026658e+05 5.008695e+05 1.501194e+06
8176707 -1.766930e+00 -4.551120e+00 -2.320930e+00 5.461041e+05 5.549810e+05 5.509463e+05 1.652031e+06
8994377 -1.662500e+00 -5.148030e+00 -2.064610e+00 5.979647e+05 6.100569e+05 6.069228e+05 1.814944e+06
9893815 -1.932740e+00 -7.116020e+00 -2.668270e+00 6.569947e+05 6.720724e+05 6.691251e+05 1.998192e+06
10883197 -1.521070e+00 -7.366740e+00 -2.482980e+00 7.203993e+05 7.391707e+05 7.357500e+05 2.195320e+06
##############
##############
#Nsteps       = 10883198 
#Np2save  = 156 
#Ntrials      = 100000 
##############
