0.507 	0.000 	1.000 	0.000 	
0.520 	0.000 	1.000 	0.000 	
0.530 	0.000 	1.000 	0.000 	
0.540 	0.000 	1.000 	0.000 	
0.550 	0.000 	1.000 	0.001 	
0.560 	0.000 	1.000 	0.000 	
0.570 	0.000 	1.000 	0.000 	
0.580 	0.000 	1.000 	0.001 	
0.590 	0.000 	1.000 	0.001 	
0.600 	0.000 	1.000 	0.001 	
0.610 	0.000 	1.000 	0.003 	
0.620 	0.000 	3.000 	0.002 	
0.630 	0.000 	3.000 	0.002 	
0.640 	0.000 	3.000 	0.003 	
0.650 	0.000 	48.000 	0.001 	
0.660 	0.000 	49.000 	0.001 	
0.670 	0.000 	49.000 	0.001 	
0.680 	0.000 	48.000 	0.002 	
0.690 	0.000 	49.000 	0.002 	
0.700 	0.000 	48.000 	0.002 	
0.710 	0.000 	49.000 	0.002 	
0.720 	0.000 	49.000 	0.002 	
0.730 	0.000 	49.000 	0.002 	
0.740 	0.000 	47.000 	0.002 	
0.750 	0.000 	48.000 	0.001 	
0.760 	0.000 	49.000 	0.002 	
0.770 	0.000 	49.000 	0.002 	
0.780 	0.000 	48.000 	0.002 	
0.790 	0.000 	49.000 	0.002 	
0.800 	0.000 	49.000 	0.002 	
0.810 	0.000 	49.000 	0.002 	
0.820 	0.000 	48.000 	0.002 	
0.830 	0.000 	47.000 	0.002 	
0.840 	0.000 	49.000 	0.002 	
0.850 	0.000 	48.000 	0.001 	
0.860 	0.000 	24.000 	0.002 	
0.870 	0.000 	48.000 	0.001 	
0.880 	0.000 	7.000 	0.002 	
0.890 	0.000 	48.000 	0.001 	
0.900 	0.000 	21.000 	0.002 	
0.910 	0.000 	49.000 	0.002 	
0.920 	0.000 	49.000 	0.002 	
0.930 	0.000 	49.000 	0.002 	
0.940 	0.000 	48.000 	0.002 	
0.950 	0.000 	49.000 	0.001 	
0.960 	0.000 	49.000 	0.002 	
0.970 	0.000 	48.000 	0.002 	
0.980 	0.000 	49.000 	0.002 	
0.990 	0.000 	49.000 	0.002 	
1.000 	0.000 	47.000 	0.001 	

#0.180 	0.100 	4.000 	0.002 	
0.508 	0.100 	1.000 	0.000 	
0.520 	0.100 	1.000 	0.000 	
0.530 	0.100 	1.000 	0.000 	
0.540 	0.100 	1.000 	0.000 	
0.550 	0.100 	1.000 	0.001 	
0.560 	0.100 	1.000 	0.001 	
0.570 	0.100 	1.000 	0.001 	
0.580 	0.100 	1.000 	0.001 	
0.590 	0.100 	1.000 	0.001 	
0.600 	0.100 	1.000 	0.001 	
0.610 	0.100 	1.000 	0.003 	
0.620 	0.100 	3.000 	0.002 	
0.630 	0.100 	3.000 	0.001 	
0.640 	0.100 	3.000 	0.003 	
0.650 	0.100 	48.000 	0.002 	
0.660 	0.100 	48.000 	0.002 	
0.670 	0.100 	49.000 	0.001 	
0.680 	0.100 	49.000 	0.002 	
0.690 	0.100 	49.000 	0.001 	
0.700 	0.100 	49.000 	0.002 	
0.710 	0.100 	48.000 	0.002 	
0.720 	0.100 	49.000 	0.002 	
0.730 	0.100 	47.000 	0.001 	
0.740 	0.100 	49.000 	0.002 	
0.750 	0.100 	49.000 	0.002 	
0.760 	0.100 	48.000 	0.002 	
0.770 	0.100 	47.000 	0.002 	
0.780 	0.100 	48.000 	0.002 	
0.790 	0.100 	48.000 	0.002 	
0.800 	0.100 	49.000 	0.002 	
0.810 	0.100 	48.000 	0.002 	
0.820 	0.100 	49.000 	0.002 	
0.830 	0.100 	49.000 	0.002 	
0.840 	0.100 	49.000 	0.002 	
0.850 	0.100 	49.000 	0.002 	
0.860 	0.100 	24.000 	0.002 	
0.870 	0.100 	47.000 	0.001 	
0.880 	0.100 	7.000 	0.002 	
0.890 	0.100 	48.000 	0.001 	
0.900 	0.100 	21.000 	0.002 	
0.910 	0.100 	49.000 	0.002 	
0.920 	0.100 	49.000 	0.002 	
0.930 	0.100 	49.000 	0.001 	
0.940 	0.100 	49.000 	0.002 	
0.950 	0.100 	49.000 	0.002 	
0.960 	0.100 	47.000 	0.002 	
0.970 	0.100 	49.000 	0.001 	
0.980 	0.100 	49.000 	0.001 	
0.990 	0.100 	47.000 	0.001 	
1.000 	0.100 	48.000 	0.002 	

#0.180 	0.200 	4.000 	0.002 	
0.510 	0.200 	1.000 	0.000 	
0.520 	0.200 	1.000 	0.000 	
0.530 	0.200 	1.000 	0.000 	
0.540 	0.200 	1.000 	0.000 	
0.550 	0.200 	1.000 	0.000 	
0.560 	0.200 	1.000 	0.001 	
0.570 	0.200 	1.000 	0.000 	
0.580 	0.200 	1.000 	0.001 	
0.590 	0.200 	1.000 	0.001 	
0.600 	0.200 	1.000 	0.001 	
0.610 	0.200 	1.000 	0.003 	
0.620 	0.200 	3.000 	0.002 	
0.630 	0.200 	3.000 	0.002 	
0.640 	0.200 	3.000 	0.003 	
0.650 	0.200 	48.000 	0.001 	
0.660 	0.200 	49.000 	0.002 	
0.670 	0.200 	49.000 	0.002 	
0.680 	0.200 	49.000 	0.002 	
0.690 	0.200 	49.000 	0.001 	
0.700 	0.200 	49.000 	0.002 	
0.710 	0.200 	48.000 	0.002 	
0.720 	0.200 	49.000 	0.002 	
0.730 	0.200 	48.000 	0.001 	
0.740 	0.200 	49.000 	0.002 	
0.750 	0.200 	48.000 	0.002 	
0.760 	0.200 	49.000 	0.002 	
0.770 	0.200 	49.000 	0.002 	
0.780 	0.200 	49.000 	0.002 	
0.790 	0.200 	49.000 	0.002 	
0.800 	0.200 	49.000 	0.002 	
0.810 	0.200 	49.000 	0.002 	
0.820 	0.200 	49.000 	0.002 	
0.830 	0.200 	45.000 	0.002 	
0.840 	0.200 	49.000 	0.001 	
0.850 	0.200 	49.000 	0.002 	
0.860 	0.200 	24.000 	0.002 	
0.870 	0.200 	48.000 	0.001 	
0.880 	0.200 	7.000 	0.002 	
0.890 	0.200 	48.000 	0.001 	
0.900 	0.200 	21.000 	0.002 	
0.910 	0.200 	48.000 	0.002 	
0.920 	0.200 	47.000 	0.002 	
0.930 	0.200 	48.000 	0.002 	
0.940 	0.200 	48.000 	0.001 	
0.950 	0.200 	48.000 	0.002 	
0.960 	0.200 	48.000 	0.002 	
0.970 	0.200 	48.000 	0.002 	
0.980 	0.200 	48.000 	0.002 	
0.990 	0.200 	48.000 	0.001 	
1.000 	0.200 	49.000 	0.002 	

#0.180 	0.300 	4.000 	0.002 	
#0.190 	0.300 	4.000 	0.003 	
0.510 	0.300 	1.000 	0.000 	
0.520 	0.300 	1.000 	0.000 	
0.530 	0.300 	1.000 	0.000 	
0.540 	0.300 	1.000 	0.000 	
0.550 	0.300 	1.000 	0.000 	
0.560 	0.300 	1.000 	0.001 	
0.570 	0.300 	1.000 	0.000 	
0.580 	0.300 	1.000 	0.001 	
0.590 	0.300 	1.000 	0.001 	
0.600 	0.300 	1.000 	0.001 	
0.610 	0.300 	1.000 	0.003 	
0.620 	0.300 	3.000 	0.002 	
0.630 	0.300 	3.000 	0.002 	
0.640 	0.300 	3.000 	0.003 	
0.650 	0.300 	48.000 	0.001 	
0.660 	0.300 	49.000 	0.001 	
0.670 	0.300 	47.000 	0.001 	
0.680 	0.300 	48.000 	0.002 	
0.690 	0.300 	48.000 	0.002 	
0.700 	0.300 	48.000 	0.002 	
0.710 	0.300 	47.000 	0.002 	
0.720 	0.300 	49.000 	0.002 	
0.730 	0.300 	48.000 	0.001 	
0.740 	0.300 	49.000 	0.002 	
0.750 	0.300 	47.000 	0.002 	
0.760 	0.300 	49.000 	0.002 	
0.770 	0.300 	49.000 	0.002 	
0.780 	0.300 	48.000 	0.002 	
0.790 	0.300 	48.000 	0.002 	
0.800 	0.300 	48.000 	0.001 	
0.810 	0.300 	46.000 	0.001 	
0.820 	0.300 	48.000 	0.002 	
0.830 	0.300 	49.000 	0.001 	
0.840 	0.300 	49.000 	0.002 	
0.850 	0.300 	49.000 	0.001 	
0.860 	0.300 	24.000 	0.002 	
0.870 	0.300 	48.000 	0.001 	
0.880 	0.300 	7.000 	0.002 	
0.890 	0.300 	49.000 	0.001 	
0.900 	0.300 	21.000 	0.002 	
0.910 	0.300 	49.000 	0.002 	
0.920 	0.300 	49.000 	0.002 	
0.930 	0.300 	47.000 	0.001 	
0.940 	0.300 	48.000 	0.001 	
0.950 	0.300 	49.000 	0.002 	
0.960 	0.300 	48.000 	0.002 	
0.970 	0.300 	49.000 	0.001 	
0.980 	0.300 	49.000 	0.002 	
0.990 	0.300 	46.000 	0.002 	
1.000 	0.300 	47.000 	0.001 	

#0.180 	0.400 	4.000 	0.002 	
#0.190 	0.400 	47.000 	0.007 	
0.508 	0.400 	1.000 	0.000 	
0.520 	0.400 	1.000 	0.000 	
0.530 	0.400 	1.000 	0.000 	
0.540 	0.400 	1.000 	0.000 	
0.550 	0.400 	1.000 	0.000 	
0.560 	0.400 	1.000 	0.001 	
0.570 	0.400 	1.000 	0.001 	
0.580 	0.400 	1.000 	0.001 	
0.590 	0.400 	1.000 	0.003 	
0.600 	0.400 	1.000 	0.001 	
0.610 	0.400 	1.000 	0.001 	
0.620 	0.400 	3.000 	0.002 	
0.630 	0.400 	3.000 	0.002 	
0.640 	0.400 	3.000 	0.003 	
0.650 	0.400 	49.000 	0.002 	
0.660 	0.400 	48.000 	0.002 	
0.670 	0.400 	49.000 	0.001 	
0.680 	0.400 	49.000 	0.002 	
0.690 	0.400 	49.000 	0.002 	
0.700 	0.400 	46.000 	0.001 	
0.710 	0.400 	47.000 	0.001 	
0.720 	0.400 	49.000 	0.002 	
0.730 	0.400 	49.000 	0.002 	
0.740 	0.400 	48.000 	0.001 	
0.750 	0.400 	49.000 	0.002 	
0.760 	0.400 	49.000 	0.001 	
0.770 	0.400 	47.000 	0.002 	
0.780 	0.400 	49.000 	0.002 	
0.790 	0.400 	47.000 	0.002 	
0.800 	0.400 	49.000 	0.001 	
0.810 	0.400 	48.000 	0.002 	
0.820 	0.400 	48.000 	0.002 	
0.830 	0.400 	49.000 	0.002 	
0.840 	0.400 	47.000 	0.001 	
0.850 	0.400 	49.000 	0.001 	
0.860 	0.400 	24.000 	0.002 	
0.870 	0.400 	49.000 	0.001 	
0.880 	0.400 	7.000 	0.002 	
0.890 	0.400 	48.000 	0.002 	
0.900 	0.400 	21.000 	0.002 	
0.910 	0.400 	49.000 	0.002 	
0.920 	0.400 	48.000 	0.002 	
0.930 	0.400 	49.000 	0.002 	
0.940 	0.400 	47.000 	0.002 	
0.950 	0.400 	48.000 	0.001 	
0.960 	0.400 	47.000 	0.001 	
0.970 	0.400 	49.000 	0.002 	
0.980 	0.400 	48.000 	0.001 	
0.990 	0.400 	47.000 	0.002 	
1.000 	0.400 	46.000 	0.002 	

#0.190 	0.500 	4.000 	0.003 	
0.509 	0.500 	1.000 	0.004 	
0.520 	0.500 	1.000 	0.000 	
0.530 	0.500 	1.000 	0.000 	
0.540 	0.500 	1.000 	0.000 	
0.550 	0.500 	1.000 	0.000 	
0.560 	0.500 	1.000 	0.000 	
0.570 	0.500 	1.000 	0.001 	
0.580 	0.500 	1.000 	0.001 	
0.590 	0.500 	1.000 	0.003 	
0.600 	0.500 	1.000 	0.001 	
0.610 	0.500 	1.000 	0.003 	
0.620 	0.500 	3.000 	0.002 	
0.630 	0.500 	3.000 	0.001 	
0.640 	0.500 	3.000 	0.003 	
0.650 	0.500 	48.000 	0.002 	
0.660 	0.500 	48.000 	0.002 	
0.670 	0.500 	48.000 	0.002 	
0.680 	0.500 	49.000 	0.002 	
0.690 	0.500 	47.000 	0.001 	
0.700 	0.500 	49.000 	0.002 	
0.710 	0.500 	47.000 	0.002 	
0.720 	0.500 	47.000 	0.002 	
0.730 	0.500 	49.000 	0.002 	
0.740 	0.500 	48.000 	0.001 	
0.750 	0.500 	49.000 	0.002 	
0.760 	0.500 	48.000 	0.002 	
0.770 	0.500 	49.000 	0.002 	
0.780 	0.500 	48.000 	0.001 	
0.790 	0.500 	46.000 	0.002 	
0.800 	0.500 	48.000 	0.001 	
0.810 	0.500 	49.000 	0.002 	
0.820 	0.500 	49.000 	0.002 	
0.830 	0.500 	48.000 	0.002 	
0.840 	0.500 	49.000 	0.002 	
0.850 	0.500 	49.000 	0.001 	
0.860 	0.500 	24.000 	0.002 	
0.870 	0.500 	49.000 	0.001 	
0.880 	0.500 	7.000 	0.002 	
0.890 	0.500 	48.000 	0.002 	
0.900 	0.500 	21.000 	0.002 	
0.910 	0.500 	49.000 	0.001 	
0.920 	0.500 	49.000 	0.001 	
0.930 	0.500 	48.000 	0.001 	
0.940 	0.500 	47.000 	0.001 	
0.950 	0.500 	47.000 	0.002 	
0.960 	0.500 	48.000 	0.002 	
0.970 	0.500 	49.000 	0.001 	
0.980 	0.500 	49.000 	0.001 	
0.990 	0.500 	47.000 	0.001 	
1.000 	0.500 	48.000 	0.002 	

0.520 	0.600 	1.000 	0.000 	
0.530 	0.600 	1.000 	0.000 	
0.540 	0.600 	1.000 	0.000 	
0.550 	0.600 	1.000 	0.000 	
0.560 	0.600 	1.000 	0.000 	
0.570 	0.600 	1.000 	0.001 	
0.580 	0.600 	1.000 	0.001 	
0.590 	0.600 	1.000 	0.001 	
0.600 	0.600 	1.000 	0.001 	
0.610 	0.600 	1.000 	0.001 	
0.620 	0.600 	3.000 	0.002 	
0.630 	0.600 	3.000 	0.002 	
0.640 	0.600 	3.000 	0.003 	
0.650 	0.600 	47.000 	0.002 	
0.660 	0.600 	49.000 	0.002 	
0.670 	0.600 	49.000 	0.002 	
0.680 	0.600 	49.000 	0.002 	
0.690 	0.600 	49.000 	0.002 	
0.700 	0.600 	49.000 	0.001 	
0.710 	0.600 	47.000 	0.001 	
0.720 	0.600 	46.000 	0.002 	
0.730 	0.600 	48.000 	0.002 	
0.740 	0.600 	49.000 	0.002 	
0.750 	0.600 	49.000 	0.001 	
0.760 	0.600 	48.000 	0.002 	
0.770 	0.600 	48.000 	0.002 	
0.780 	0.600 	49.000 	0.002 	
0.790 	0.600 	48.000 	0.001 	
0.800 	0.600 	48.000 	0.002 	
0.810 	0.600 	49.000 	0.001 	
0.820 	0.600 	48.000 	0.001 	
0.830 	0.600 	49.000 	0.001 	
0.840 	0.600 	48.000 	0.002 	
0.850 	0.600 	48.000 	0.002 	
0.860 	0.600 	24.000 	0.002 	
0.870 	0.600 	48.000 	0.001 	
0.880 	0.600 	7.000 	0.002 	
0.890 	0.600 	49.000 	0.001 	
0.900 	0.600 	21.000 	0.002 	
0.910 	0.600 	49.000 	0.002 	
0.920 	0.600 	47.000 	0.001 	
0.930 	0.600 	49.000 	0.002 	
0.940 	0.600 	49.000 	0.002 	
0.950 	0.600 	47.000 	0.002 	
0.960 	0.600 	49.000 	0.002 	
0.970 	0.600 	49.000 	0.002 	
0.980 	0.600 	48.000 	0.002 	
0.990 	0.600 	49.000 	0.002 	
1.000 	0.600 	49.000 	0.002 	

0.519 	0.700 	1.000 	0.000 	
0.530 	0.700 	1.000 	0.000 	
0.540 	0.700 	1.000 	0.000 	
0.550 	0.700 	1.000 	0.000 	
0.560 	0.700 	1.000 	0.000 	
0.570 	0.700 	1.000 	0.001 	
0.580 	0.700 	1.000 	0.001 	
0.590 	0.700 	1.000 	0.001 	
0.600 	0.700 	1.000 	0.001 	
0.610 	0.700 	1.000 	0.001 	
0.620 	0.700 	3.000 	0.002 	
0.630 	0.700 	3.000 	0.001 	
0.640 	0.700 	3.000 	0.003 	
0.650 	0.700 	49.000 	0.002 	
0.660 	0.700 	47.000 	0.002 	
0.670 	0.700 	49.000 	0.002 	
0.680 	0.700 	49.000 	0.002 	
0.690 	0.700 	49.000 	0.002 	
0.700 	0.700 	47.000 	0.001 	
0.710 	0.700 	46.000 	0.002 	
0.720 	0.700 	49.000 	0.002 	
0.730 	0.700 	47.000 	0.001 	
0.740 	0.700 	46.000 	0.002 	
0.750 	0.700 	49.000 	0.001 	
0.760 	0.700 	48.000 	0.001 	
0.770 	0.700 	49.000 	0.002 	
0.780 	0.700 	49.000 	0.001 	
0.790 	0.700 	47.000 	0.001 	
0.800 	0.700 	48.000 	0.002 	
0.810 	0.700 	48.000 	0.001 	
0.820 	0.700 	49.000 	0.001 	
0.830 	0.700 	48.000 	0.002 	
0.840 	0.700 	47.000 	0.001 	
0.850 	0.700 	48.000 	0.001 	
0.860 	0.700 	24.000 	0.002 	
0.870 	0.700 	47.000 	0.001 	
0.880 	0.700 	7.000 	0.002 	
0.890 	0.700 	48.000 	0.002 	
0.900 	0.700 	21.000 	0.002 	
0.910 	0.700 	49.000 	0.002 	
0.920 	0.700 	48.000 	0.002 	
0.930 	0.700 	48.000 	0.002 	
0.940 	0.700 	48.000 	0.002 	
0.950 	0.700 	49.000 	0.002 	
0.960 	0.700 	48.000 	0.002 	
0.970 	0.700 	48.000 	0.001 	
0.980 	0.700 	48.000 	0.001 	
0.990 	0.700 	49.000 	0.002 	
1.000 	0.700 	48.000 	0.002 	

0.528 	0.800 	1.000 	0.000 	
0.540 	0.800 	1.000 	0.000 	
0.550 	0.800 	1.000 	0.000 	
0.560 	0.800 	1.000 	0.000 	
0.570 	0.800 	1.000 	0.001 	
0.580 	0.800 	1.000 	0.001 	
0.590 	0.800 	1.000 	0.001 	
0.600 	0.800 	1.000 	0.001 	
0.610 	0.800 	1.000 	0.001 	
0.620 	0.800 	3.000 	0.002 	
0.630 	0.800 	3.000 	0.002 	
0.640 	0.800 	3.000 	0.003 	
0.650 	0.800 	47.000 	0.002 	
0.660 	0.800 	48.000 	0.002 	
0.670 	0.800 	49.000 	0.002 	
0.680 	0.800 	48.000 	0.002 	
0.690 	0.800 	48.000 	0.002 	
0.700 	0.800 	47.000 	0.002 	
0.710 	0.800 	49.000 	0.002 	
0.720 	0.800 	49.000 	0.002 	
0.730 	0.800 	48.000 	0.002 	
0.740 	0.800 	49.000 	0.001 	
0.750 	0.800 	48.000 	0.002 	
0.760 	0.800 	49.000 	0.002 	
0.770 	0.800 	49.000 	0.002 	
0.780 	0.800 	49.000 	0.002 	
0.790 	0.800 	49.000 	0.002 	
0.800 	0.800 	49.000 	0.002 	
0.810 	0.800 	49.000 	0.002 	
0.820 	0.800 	49.000 	0.002 	
0.830 	0.800 	49.000 	0.001 	
0.840 	0.800 	48.000 	0.001 	
0.850 	0.800 	49.000 	0.001 	
0.860 	0.800 	24.000 	0.002 	
0.870 	0.800 	47.000 	0.001 	
0.880 	0.800 	7.000 	0.002 	
0.890 	0.800 	48.000 	0.002 	
0.900 	0.800 	21.000 	0.002 	
0.910 	0.800 	49.000 	0.001 	
0.920 	0.800 	49.000 	0.002 	
0.930 	0.800 	48.000 	0.002 	
0.940 	0.800 	48.000 	0.002 	
0.950 	0.800 	49.000 	0.001 	
0.960 	0.800 	49.000 	0.002 	
0.970 	0.800 	49.000 	0.002 	
0.980 	0.800 	47.000 	0.002 	
0.990 	0.800 	48.000 	0.002 	
1.000 	0.800 	47.000 	0.002 	

0.540 	0.900 	1.000 	0.000 	
0.550 	0.900 	1.000 	0.000 	
0.560 	0.900 	1.000 	0.000 	
0.570 	0.900 	1.000 	0.001 	
0.580 	0.900 	1.000 	0.001 	
0.590 	0.900 	1.000 	0.001 	
0.600 	0.900 	1.000 	0.001 	
0.610 	0.900 	1.000 	0.001 	
0.620 	0.900 	3.000 	0.002 	
0.630 	0.900 	3.000 	0.002 	
0.640 	0.900 	3.000 	0.003 	
0.650 	0.900 	49.000 	0.001 	
0.660 	0.900 	47.000 	0.002 	
0.670 	0.900 	48.000 	0.002 	
0.680 	0.900 	48.000 	0.002 	
0.690 	0.900 	49.000 	0.002 	
0.700 	0.900 	48.000 	0.002 	
0.710 	0.900 	48.000 	0.002 	
0.720 	0.900 	49.000 	0.001 	
0.730 	0.900 	48.000 	0.001 	
0.740 	0.900 	48.000 	0.002 	
0.750 	0.900 	48.000 	0.001 	
0.760 	0.900 	49.000 	0.002 	
0.770 	0.900 	48.000 	0.002 	
0.780 	0.900 	48.000 	0.002 	
0.790 	0.900 	49.000 	0.001 	
0.800 	0.900 	48.000 	0.002 	
0.810 	0.900 	48.000 	0.002 	
0.820 	0.900 	49.000 	0.001 	
0.830 	0.900 	48.000 	0.001 	
0.840 	0.900 	47.000 	0.001 	
0.850 	0.900 	49.000 	0.001 	
0.860 	0.900 	24.000 	0.002 	
0.870 	0.900 	47.000 	0.001 	
0.880 	0.900 	7.000 	0.002 	
0.890 	0.900 	49.000 	0.002 	
0.900 	0.900 	21.000 	0.002 	
0.910 	0.900 	49.000 	0.002 	
0.920 	0.900 	48.000 	0.002 	
0.930 	0.900 	48.000 	0.001 	
0.940 	0.900 	48.000 	0.002 	
0.950 	0.900 	47.000 	0.001 	
0.960 	0.900 	49.000 	0.002 	
0.970 	0.900 	48.000 	0.002 	
0.980 	0.900 	49.000 	0.001 	
0.990 	0.900 	49.000 	0.001 	
1.000 	0.900 	47.000 	0.002 	

0.550 	1.000 	1.000 	0.000 	
0.560 	1.000 	1.000 	0.000 	
0.570 	1.000 	1.000 	0.000 	
0.580 	1.000 	1.000 	0.001 	
0.590 	1.000 	1.000 	0.001 	
0.600 	1.000 	1.000 	0.001 	
0.610 	1.000 	1.000 	0.001 	
0.620 	1.000 	3.000 	0.002 	
0.630 	1.000 	3.000 	0.001 	
0.640 	1.000 	3.000 	0.003 	
0.650 	1.000 	49.000 	0.002 	
0.660 	1.000 	48.000 	0.002 	
0.670 	1.000 	47.000 	0.001 	
0.680 	1.000 	49.000 	0.002 	
0.690 	1.000 	49.000 	0.001 	
0.700 	1.000 	48.000 	0.002 	
0.710 	1.000 	47.000 	0.001 	
0.720 	1.000 	49.000 	0.002 	
0.730 	1.000 	48.000 	0.002 	
0.740 	1.000 	49.000 	0.002 	
0.750 	1.000 	49.000 	0.002 	
0.760 	1.000 	49.000 	0.002 	
0.770 	1.000 	49.000 	0.001 	
0.780 	1.000 	48.000 	0.002 	
0.790 	1.000 	49.000 	0.002 	
0.800 	1.000 	49.000 	0.002 	
0.810 	1.000 	49.000 	0.002 	
0.820 	1.000 	48.000 	0.002 	
0.830 	1.000 	48.000 	0.001 	
0.840 	1.000 	47.000 	0.002 	
0.850 	1.000 	49.000 	0.001 	
0.860 	1.000 	24.000 	0.002 	
0.870 	1.000 	48.000 	0.001 	
0.880 	1.000 	7.000 	0.002 	
0.890 	1.000 	49.000 	0.002 	
0.900 	1.000 	21.000 	0.002 	
0.910 	1.000 	48.000 	0.002 	
0.920 	1.000 	49.000 	0.002 	
0.930 	1.000 	49.000 	0.002 	
0.940 	1.000 	47.000 	0.002 	
0.950 	1.000 	49.000 	0.002 	
0.960 	1.000 	49.000 	0.002 	
0.970 	1.000 	47.000 	0.002 	
0.980 	1.000 	46.000 	0.002 	
0.990 	1.000 	48.000 	0.002 	
1.000 	1.000 	48.000 	0.002 	

0.560 	1.100 	1.000 	0.000 	
0.570 	1.100 	1.000 	0.000 	
0.580 	1.100 	1.000 	0.000 	
0.590 	1.100 	1.000 	0.000 	
0.600 	1.100 	1.000 	0.001 	
0.610 	1.100 	1.000 	0.001 	
0.620 	1.100 	3.000 	0.002 	
0.630 	1.100 	3.000 	0.002 	
0.640 	1.100 	3.000 	0.003 	
0.650 	1.100 	49.000 	0.002 	
0.660 	1.100 	47.000 	0.001 	
0.670 	1.100 	49.000 	0.002 	
0.680 	1.100 	49.000 	0.001 	
0.690 	1.100 	49.000 	0.002 	
0.700 	1.100 	49.000 	0.002 	
0.710 	1.100 	48.000 	0.002 	
0.720 	1.100 	49.000 	0.001 	
0.730 	1.100 	48.000 	0.001 	
0.740 	1.100 	49.000 	0.001 	
0.750 	1.100 	49.000 	0.001 	
0.760 	1.100 	49.000 	0.002 	
0.770 	1.100 	49.000 	0.002 	
0.780 	1.100 	49.000 	0.002 	
0.790 	1.100 	49.000 	0.002 	
0.800 	1.100 	49.000 	0.002 	
0.810 	1.100 	49.000 	0.002 	
0.820 	1.100 	48.000 	0.002 	
0.830 	1.100 	49.000 	0.002 	
0.840 	1.100 	49.000 	0.001 	
0.850 	1.100 	49.000 	0.001 	
0.860 	1.100 	24.000 	0.002 	
0.870 	1.100 	47.000 	0.001 	
0.880 	1.100 	7.000 	0.002 	
0.890 	1.100 	48.000 	0.001 	
0.900 	1.100 	21.000 	0.001 	
0.910 	1.100 	49.000 	0.001 	
0.920 	1.100 	49.000 	0.001 	
0.930 	1.100 	49.000 	0.001 	
0.940 	1.100 	48.000 	0.001 	
0.950 	1.100 	47.000 	0.002 	
0.960 	1.100 	48.000 	0.002 	
0.970 	1.100 	47.000 	0.001 	
0.980 	1.100 	49.000 	0.002 	
0.990 	1.100 	48.000 	0.002 	
1.000 	1.100 	49.000 	0.001 	

0.570 	1.200 	1.000 	0.000 	
0.580 	1.200 	1.000 	0.000 	
0.590 	1.200 	1.000 	0.000 	
0.600 	1.200 	1.000 	0.001 	
0.610 	1.200 	1.000 	0.001 	
0.620 	1.200 	3.000 	0.002 	
0.630 	1.200 	3.000 	0.001 	
0.640 	1.200 	3.000 	0.003 	
0.650 	1.200 	48.000 	0.002 	
0.660 	1.200 	49.000 	0.002 	
0.670 	1.200 	49.000 	0.002 	
0.680 	1.200 	49.000 	0.001 	
0.690 	1.200 	49.000 	0.002 	
0.700 	1.200 	49.000 	0.002 	
0.710 	1.200 	46.000 	0.001 	
0.720 	1.200 	49.000 	0.002 	
0.730 	1.200 	48.000 	0.002 	
0.740 	1.200 	48.000 	0.002 	
0.750 	1.200 	48.000 	0.002 	
0.760 	1.200 	49.000 	0.002 	
0.770 	1.200 	49.000 	0.002 	
0.780 	1.200 	48.000 	0.002 	
0.790 	1.200 	49.000 	0.001 	
0.800 	1.200 	48.000 	0.002 	
0.810 	1.200 	49.000 	0.002 	
0.820 	1.200 	49.000 	0.002 	
0.830 	1.200 	48.000 	0.001 	
0.840 	1.200 	47.000 	0.002 	
0.850 	1.200 	49.000 	0.002 	
0.860 	1.200 	24.000 	0.002 	
0.870 	1.200 	48.000 	0.001 	
0.880 	1.200 	7.000 	0.002 	
0.890 	1.200 	48.000 	0.002 	
0.900 	1.200 	21.000 	0.002 	
0.910 	1.200 	49.000 	0.002 	
0.920 	1.200 	48.000 	0.002 	
0.930 	1.200 	49.000 	0.002 	
0.940 	1.200 	46.000 	0.002 	
0.950 	1.200 	49.000 	0.002 	
0.960 	1.200 	49.000 	0.002 	
0.970 	1.200 	49.000 	0.000 	
0.980 	1.200 	48.000 	0.000 	

0.590 	1.300 	1.000 	0.000 	
0.600 	1.300 	1.000 	0.000 	
0.610 	1.300 	1.000 	0.000 	
0.620 	1.300 	3.000 	0.002 	
0.630 	1.300 	3.000 	0.002 	
0.640 	1.300 	3.000 	0.003 	
0.650 	1.300 	48.000 	0.002 	
0.660 	1.300 	47.000 	0.002 	
0.670 	1.300 	48.000 	0.002 	
0.680 	1.300 	49.000 	0.002 	
0.690 	1.300 	48.000 	0.002 	
0.700 	1.300 	48.000 	0.001 	
0.710 	1.300 	48.000 	0.002 	
0.720 	1.300 	48.000 	0.002 	
0.730 	1.300 	48.000 	0.001 	
0.740 	1.300 	49.000 	0.002 	
0.750 	1.300 	48.000 	0.002 	
0.760 	1.300 	48.000 	0.002 	
0.770 	1.300 	49.000 	0.002 	
0.780 	1.300 	47.000 	0.002 	
0.790 	1.300 	49.000 	0.002 	
0.800 	1.300 	48.000 	0.002 	
0.810 	1.300 	49.000 	0.002 	
0.820 	1.300 	48.000 	0.002 	
0.830 	1.300 	47.000 	0.002 	
0.840 	1.300 	47.000 	0.002 	
0.850 	1.300 	48.000 	0.001 	
0.860 	1.300 	24.000 	0.002 	
0.870 	1.300 	49.000 	0.001 	
0.880 	1.300 	7.000 	0.002 	
0.890 	1.300 	48.000 	0.001 	
0.900 	1.300 	21.000 	0.002 	
0.910 	1.300 	49.000 	0.001 	
0.920 	1.300 	47.000 	0.002 	
0.930 	1.300 	48.000 	0.000 	

#0.190 	1.400 	4.000 	0.003 	
0.600 	1.400 	1.000 	0.002 	
0.610 	1.400 	1.000 	0.000 	
0.620 	1.400 	3.000 	0.002 	
0.630 	1.400 	3.000 	0.002 	
0.640 	1.400 	3.000 	0.003 	
0.650 	1.400 	48.000 	0.001 	
0.660 	1.400 	49.000 	0.002 	
0.670 	1.400 	49.000 	0.002 	
0.680 	1.400 	48.000 	0.001 	
0.690 	1.400 	47.000 	0.002 	
0.700 	1.400 	47.000 	0.002 	
0.710 	1.400 	48.000 	0.002 	
0.720 	1.400 	48.000 	0.002 	
0.730 	1.400 	48.000 	0.001 	
0.740 	1.400 	49.000 	0.002 	
0.750 	1.400 	46.000 	0.002 	
0.760 	1.400 	48.000 	0.002 	
0.770 	1.400 	49.000 	0.001 	
0.780 	1.400 	48.000 	0.002 	
0.790 	1.400 	48.000 	0.002 	
0.800 	1.400 	49.000 	0.002 	
0.810 	1.400 	49.000 	0.002 	
0.820 	1.400 	49.000 	0.001 	
0.830 	1.400 	48.000 	0.001 	
0.840 	1.400 	47.000 	0.001 	
0.850 	1.400 	47.000 	0.001 	
0.860 	1.400 	24.000 	0.002 	
0.870 	1.400 	48.000 	0.001 	
0.880 	1.400 	7.000 	0.002 	
0.890 	1.400 	48.000 	0.002 	
0.900 	1.400 	21.000 	0.002 	
0.910 	1.400 	49.000 	0.002 	
0.930 	1.400 	49.000 	0.009 	

0.620 	1.500 	3.000 	0.002 	
0.630 	1.500 	3.000 	0.001 	
0.640 	1.500 	3.000 	0.003 	
0.650 	1.500 	49.000 	0.002 	
0.660 	1.500 	47.000 	0.002 	
0.670 	1.500 	47.000 	0.001 	
0.680 	1.500 	49.000 	0.002 	
0.690 	1.500 	47.000 	0.002 	
0.700 	1.500 	48.000 	0.002 	
0.710 	1.500 	48.000 	0.002 	
0.720 	1.500 	49.000 	0.002 	
0.730 	1.500 	49.000 	0.002 	
0.740 	1.500 	49.000 	0.002 	
0.750 	1.500 	48.000 	0.002 	
0.760 	1.500 	49.000 	0.002 	
0.770 	1.500 	49.000 	0.002 	
0.780 	1.500 	49.000 	0.002 	
0.790 	1.500 	49.000 	0.002 	
0.800 	1.500 	49.000 	0.002 	
0.810 	1.500 	48.000 	0.002 	
0.820 	1.500 	48.000 	0.002 	
0.830 	1.500 	47.000 	0.002 	
0.840 	1.500 	48.000 	0.002 	
0.850 	1.500 	48.000 	0.002 	
0.860 	1.500 	24.000 	0.002 	
0.870 	1.500 	48.000 	0.001 	
0.880 	1.500 	7.000 	0.002 	
0.890 	1.500 	48.000 	0.002 	
0.900 	1.500 	21.000 	0.002 	
0.910 	1.500 	49.000 	0.005 	

#0.190 	1.600 	4.000 	0.003 	
0.620 	1.600 	3.000 	0.002 	
0.630 	1.600 	3.000 	0.002 	
0.640 	1.600 	3.000 	0.003 	
0.650 	1.600 	49.000 	0.002 	
0.660 	1.600 	48.000 	0.002 	
0.670 	1.600 	48.000 	0.002 	
0.680 	1.600 	48.000 	0.002 	
0.690 	1.600 	49.000 	0.002 	
0.700 	1.600 	49.000 	0.002 	
0.710 	1.600 	49.000 	0.001 	
0.720 	1.600 	49.000 	0.002 	
0.730 	1.600 	47.000 	0.002 	
0.740 	1.600 	48.000 	0.002 	
0.750 	1.600 	49.000 	0.002 	
0.760 	1.600 	49.000 	0.002 	
0.770 	1.600 	49.000 	0.002 	
0.780 	1.600 	47.000 	0.002 	
0.790 	1.600 	49.000 	0.002 	
0.800 	1.600 	49.000 	0.001 	
0.810 	1.600 	49.000 	0.002 	
0.820 	1.600 	48.000 	0.002 	
0.830 	1.600 	49.000 	0.002 	
0.840 	1.600 	48.000 	0.002 	
0.850 	1.600 	49.000 	0.002 	
0.860 	1.600 	24.000 	0.002 	
0.870 	1.600 	47.000 	0.001 	
0.880 	1.600 	7.000 	0.002 	
0.890 	1.600 	48.000 	0.001 	
0.900 	1.600 	21.000 	0.002 	

0.640 	1.700 	3.000 	0.003 	
0.650 	1.700 	49.000 	0.002 	
0.660 	1.700 	49.000 	0.002 	
0.670 	1.700 	49.000 	0.002 	
0.680 	1.700 	49.000 	0.001 	
0.690 	1.700 	48.000 	0.002 	
0.700 	1.700 	49.000 	0.002 	
0.710 	1.700 	47.000 	0.002 	
0.720 	1.700 	48.000 	0.002 	
0.730 	1.700 	48.000 	0.001 	
0.740 	1.700 	49.000 	0.002 	
0.750 	1.700 	48.000 	0.001 	
0.760 	1.700 	48.000 	0.002 	
0.770 	1.700 	49.000 	0.002 	
0.780 	1.700 	48.000 	0.002 	
0.790 	1.700 	49.000 	0.002 	
0.800 	1.700 	49.000 	0.002 	
0.810 	1.700 	49.000 	0.002 	
0.820 	1.700 	49.000 	0.002 	
0.830 	1.700 	48.000 	0.002 	
0.840 	1.700 	48.000 	0.002 	
0.850 	1.700 	49.000 	0.001 	
0.860 	1.700 	24.000 	0.002 	
0.870 	1.700 	49.000 	0.001 	
0.880 	1.700 	7.000 	0.002 	
0.890 	1.700 	48.000 	0.002 	
0.900 	1.700 	21.000 	0.002 	

0.650 	1.800 	48.000 	0.002 	
0.660 	1.800 	47.000 	0.001 	
0.670 	1.800 	48.000 	0.001 	
0.680 	1.800 	48.000 	0.001 	
0.690 	1.800 	49.000 	0.002 	
0.700 	1.800 	49.000 	0.002 	
0.710 	1.800 	46.000 	0.002 	
0.720 	1.800 	45.000 	0.002 	
0.730 	1.800 	48.000 	0.002 	
0.740 	1.800 	48.000 	0.002 	
0.750 	1.800 	47.000 	0.002 	
0.760 	1.800 	49.000 	0.002 	
0.770 	1.800 	48.000 	0.001 	
0.780 	1.800 	49.000 	0.002 	
0.790 	1.800 	48.000 	0.002 	
0.800 	1.800 	49.000 	0.002 	
0.810 	1.800 	49.000 	0.002 	
0.820 	1.800 	48.000 	0.002 	
0.830 	1.800 	48.000 	0.002 	
0.840 	1.800 	48.000 	0.001 	
0.850 	1.800 	49.000 	0.001 	
0.860 	1.800 	24.000 	0.002 	
0.870 	1.800 	47.000 	0.002 	
0.880 	1.800 	7.000 	0.002 	
0.890 	1.800 	49.000 	0.002 	
0.900 	1.800 	21.000 	0.002 	

0.650 	1.900 	48.000 	0.002 	
0.660 	1.900 	49.000 	0.002 	
0.670 	1.900 	48.000 	0.002 	
0.680 	1.900 	49.000 	0.001 	
0.690 	1.900 	49.000 	0.002 	
0.700 	1.900 	47.000 	0.001 	
0.710 	1.900 	48.000 	0.001 	
0.720 	1.900 	46.000 	0.002 	
0.730 	1.900 	48.000 	0.002 	
0.740 	1.900 	49.000 	0.001 	
0.750 	1.900 	49.000 	0.001 	
0.760 	1.900 	47.000 	0.002 	
0.770 	1.900 	49.000 	0.002 	
0.780 	1.900 	49.000 	0.001 	
0.790 	1.900 	49.000 	0.002 	
0.800 	1.900 	49.000 	0.001 	
0.810 	1.900 	49.000 	0.002 	
0.820 	1.900 	49.000 	0.001 	
0.830 	1.900 	48.000 	0.001 	
0.840 	1.900 	49.000 	0.001 	
0.850 	1.900 	49.000 	0.002 	
0.860 	1.900 	24.000 	0.002 	
0.870 	1.900 	49.000 	0.001 	
0.880 	1.900 	7.000 	0.002 	
0.890 	1.900 	49.000 	0.001 	
0.900 	1.900 	21.000 	0.002 	

0.660 	2.000 	48.000 	0.001 	
0.670 	2.000 	49.000 	0.002 	
0.680 	2.000 	49.000 	0.002 	
0.690 	2.000 	49.000 	0.002 	
0.700 	2.000 	49.000 	0.002 	
0.710 	2.000 	48.000 	0.001 	
0.720 	2.000 	48.000 	0.002 	
0.730 	2.000 	47.000 	0.001 	
0.740 	2.000 	49.000 	0.002 	
0.750 	2.000 	48.000 	0.001 	
0.760 	2.000 	48.000 	0.002 	
0.770 	2.000 	49.000 	0.002 	
0.780 	2.000 	49.000 	0.001 	
0.790 	2.000 	49.000 	0.001 	
0.800 	2.000 	48.000 	0.002 	
0.810 	2.000 	49.000 	0.002 	
0.820 	2.000 	47.000 	0.001 	
0.830 	2.000 	49.000 	0.002 	
0.840 	2.000 	47.000 	0.001 	
0.850 	2.000 	49.000 	0.002 	
0.860 	2.000 	24.000 	0.002 	
0.880 	2.000 	7.000 	0.002 	
0.890 	2.000 	48.000 	0.001 	
0.900 	2.000 	49.000 	0.007 	

0.670 	2.100 	49.000 	0.002 	
0.680 	2.100 	49.000 	0.002 	
0.690 	2.100 	49.000 	0.001 	
0.700 	2.100 	48.000 	0.002 	
0.710 	2.100 	48.000 	0.001 	
0.720 	2.100 	47.000 	0.002 	
0.730 	2.100 	48.000 	0.002 	
0.740 	2.100 	49.000 	0.002 	
0.750 	2.100 	48.000 	0.001 	
0.760 	2.100 	49.000 	0.002 	
0.770 	2.100 	49.000 	0.002 	
0.780 	2.100 	49.000 	0.002 	
0.790 	2.100 	47.000 	0.002 	
0.800 	2.100 	49.000 	0.001 	
0.810 	2.100 	49.000 	0.001 	
0.820 	2.100 	46.000 	0.002 	
0.830 	2.100 	49.000 	0.002 	
0.840 	2.100 	49.000 	0.002 	
0.850 	2.100 	48.000 	0.002 	
0.860 	2.100 	24.000 	0.002 	
0.880 	2.100 	7.000 	0.002 	
0.890 	2.100 	48.000 	0.002 	
0.900 	2.100 	48.000 	0.005 	

0.680 	2.200 	49.000 	0.002 	
0.690 	2.200 	49.000 	0.002 	
0.700 	2.200 	49.000 	0.002 	
0.710 	2.200 	47.000 	0.002 	
0.720 	2.200 	48.000 	0.002 	
0.730 	2.200 	48.000 	0.002 	
0.740 	2.200 	49.000 	0.002 	
0.750 	2.200 	48.000 	0.002 	
0.760 	2.200 	48.000 	0.002 	
0.770 	2.200 	49.000 	0.002 	
0.780 	2.200 	47.000 	0.001 	
0.790 	2.200 	48.000 	0.002 	
0.800 	2.200 	49.000 	0.001 	
0.810 	2.200 	49.000 	0.001 	
0.820 	2.200 	48.000 	0.002 	
0.830 	2.200 	49.000 	0.002 	
0.840 	2.200 	48.000 	0.002 	
0.850 	2.200 	49.000 	0.002 	
0.860 	2.200 	24.000 	0.002 	
0.880 	2.200 	7.000 	0.002 	
0.890 	2.200 	48.000 	0.002 	

0.680 	2.300 	49.000 	0.002 	
0.690 	2.300 	48.000 	0.002 	
0.700 	2.300 	47.000 	0.002 	
0.710 	2.300 	46.000 	0.002 	
0.720 	2.300 	48.000 	0.002 	
0.730 	2.300 	48.000 	0.002 	
0.740 	2.300 	48.000 	0.001 	
0.750 	2.300 	48.000 	0.001 	
0.760 	2.300 	48.000 	0.002 	
0.770 	2.300 	49.000 	0.002 	
0.780 	2.300 	48.000 	0.002 	
0.790 	2.300 	48.000 	0.001 	
0.800 	2.300 	48.000 	0.002 	
0.810 	2.300 	49.000 	0.002 	
0.820 	2.300 	49.000 	0.002 	
0.830 	2.300 	49.000 	0.002 	
0.840 	2.300 	48.000 	0.002 	
0.850 	2.300 	49.000 	0.002 	
0.860 	2.300 	24.000 	0.002 	
0.880 	2.300 	7.000 	0.002 	
0.890 	2.300 	48.000 	0.002 	

0.690 	2.400 	49.000 	0.001 	
0.700 	2.400 	49.000 	0.001 	
0.710 	2.400 	48.000 	0.001 	
0.720 	2.400 	48.000 	0.002 	
0.730 	2.400 	48.000 	0.001 	
0.740 	2.400 	48.000 	0.002 	
0.750 	2.400 	48.000 	0.001 	
0.760 	2.400 	47.000 	0.002 	
0.770 	2.400 	49.000 	0.002 	
0.780 	2.400 	49.000 	0.002 	
0.790 	2.400 	49.000 	0.002 	
0.800 	2.400 	49.000 	0.001 	
0.810 	2.400 	49.000 	0.002 	
0.820 	2.400 	48.000 	0.002 	
0.830 	2.400 	49.000 	0.001 	
0.840 	2.400 	48.000 	0.002 	
0.850 	2.400 	49.000 	0.002 	
0.860 	2.400 	24.000 	0.002 	
0.880 	2.400 	7.000 	0.002 	
0.890 	2.400 	49.000 	0.002 	

0.700 	2.500 	49.000 	0.001 	
0.710 	2.500 	47.000 	0.001 	
0.720 	2.500 	48.000 	0.001 	
0.730 	2.500 	48.000 	0.002 	
0.740 	2.500 	49.000 	0.001 	
0.750 	2.500 	49.000 	0.001 	
0.760 	2.500 	49.000 	0.001 	
0.770 	2.500 	46.000 	0.001 	
0.780 	2.500 	49.000 	0.001 	
0.790 	2.500 	49.000 	0.001 	
0.800 	2.500 	46.000 	0.001 	
0.810 	2.500 	49.000 	0.001 	
0.820 	2.500 	47.000 	0.001 	
0.830 	2.500 	48.000 	0.002 	
0.840 	2.500 	49.000 	0.001 	
0.850 	2.500 	48.000 	0.001 	
0.860 	2.500 	25.000 	0.002 	
0.880 	2.500 	7.000 	0.002 	

0.710 	2.600 	48.000 	0.000 	
0.720 	2.600 	47.000 	0.000 	
0.730 	2.600 	49.000 	0.000 	
0.740 	2.600 	49.000 	0.000 	
0.750 	2.600 	48.000 	0.000 	
0.760 	2.600 	48.000 	0.000 	
0.770 	2.600 	49.000 	0.000 	
0.780 	2.600 	49.000 	0.000 	
0.790 	2.600 	48.000 	0.001 	
0.800 	2.600 	48.000 	0.001 	
0.810 	2.600 	49.000 	0.000 	
0.820 	2.600 	49.000 	0.000 	
0.830 	2.600 	49.000 	0.000 	
0.840 	2.600 	48.000 	0.000 	
0.850 	2.600 	48.000 	0.000 	
0.860 	2.600 	25.000 	0.001 	
0.880 	2.600 	7.000 	0.002 	
0.890 	2.600 	47.000 	0.000 	

0.710 	2.700 	48.000 	0.000 	
0.720 	2.700 	49.000 	0.001 	
0.730 	2.700 	49.000 	0.000 	
0.740 	2.700 	47.000 	0.000 	
0.750 	2.700 	49.000 	0.001 	
0.760 	2.700 	48.000 	0.000 	
0.770 	2.700 	49.000 	0.001 	
0.780 	2.700 	48.000 	0.000 	
0.790 	2.700 	47.000 	0.000 	
0.800 	2.700 	47.000 	0.000 	
0.810 	2.700 	48.000 	0.001 	
0.820 	2.700 	49.000 	0.000 	
0.830 	2.700 	49.000 	0.000 	
0.840 	2.700 	47.000 	0.001 	
0.850 	2.700 	49.000 	0.001 	
0.860 	2.700 	25.000 	0.002 	
0.880 	2.700 	7.000 	0.002 	
0.890 	2.700 	47.000 	0.000 	

0.720 	2.800 	49.000 	0.001 	
0.730 	2.800 	47.000 	0.000 	
0.740 	2.800 	49.000 	0.001 	
0.750 	2.800 	49.000 	0.001 	
0.760 	2.800 	49.000 	0.001 	
0.770 	2.800 	48.000 	0.001 	
0.780 	2.800 	48.000 	0.001 	
0.790 	2.800 	49.000 	0.001 	
0.800 	2.800 	47.000 	0.001 	
0.810 	2.800 	49.000 	0.000 	
0.820 	2.800 	47.000 	0.001 	
0.830 	2.800 	48.000 	0.001 	
0.840 	2.800 	49.000 	0.000 	
0.850 	2.800 	48.000 	0.002 	
0.860 	2.800 	25.000 	0.001 	
0.880 	2.800 	7.000 	0.002 	

0.730 	2.900 	47.000 	0.002 	
0.740 	2.900 	48.000 	0.002 	
0.750 	2.900 	49.000 	0.001 	
0.760 	2.900 	48.000 	0.003 	
0.770 	2.900 	49.000 	0.002 	
0.780 	2.900 	49.000 	0.001 	
0.790 	2.900 	49.000 	0.002 	
0.800 	2.900 	49.000 	0.001 	
0.810 	2.900 	49.000 	0.002 	
0.820 	2.900 	49.000 	0.002 	
0.830 	2.900 	48.000 	0.001 	
0.840 	2.900 	48.000 	0.003 	
0.850 	2.900 	49.000 	0.004 	
0.860 	2.900 	25.000 	0.002 	
0.880 	2.900 	7.000 	0.002 	
0.890 	2.900 	49.000 	0.001 	

0.740 	3.000 	48.000 	0.005 	
0.750 	3.000 	47.000 	0.003 	
0.760 	3.000 	49.000 	0.002 	
0.770 	3.000 	49.000 	0.004 	
0.780 	3.000 	47.000 	0.002 	
0.790 	3.000 	49.000 	0.001 	
0.800 	3.000 	49.000 	0.008 	
0.810 	3.000 	48.000 	0.006 	
0.820 	3.000 	48.000 	0.004 	
0.830 	3.000 	48.000 	0.004 	
0.840 	3.000 	48.000 	0.002 	
0.850 	3.000 	48.000 	0.004 	
0.860 	3.000 	25.000 	0.002 	
0.880 	3.000 	7.000 	0.002 	
0.890 	3.000 	49.000 	0.000 	

0.720 	3.100 	49.000 	0.002 	
0.740 	3.100 	49.000 	0.006 	
0.760 	3.100 	49.000 	0.004 	
0.770 	3.100 	49.000 	0.004 	
0.780 	3.100 	48.000 	0.008 	
0.790 	3.100 	49.000 	0.003 	
0.800 	3.100 	49.000 	0.004 	
0.810 	3.100 	48.000 	0.007 	
0.820 	3.100 	48.000 	0.009 	
0.830 	3.100 	49.000 	0.008 	
0.840 	3.100 	49.000 	0.004 	
0.850 	3.100 	48.000 	0.008 	
0.860 	3.100 	24.000 	0.001 	
0.880 	3.100 	7.000 	0.002 	
0.890 	3.100 	43.000 	0.001 	

0.740 	3.200 	49.000 	0.010 	
0.760 	3.200 	49.000 	0.001 	
0.770 	3.200 	49.000 	0.003 	
0.780 	3.200 	49.000 	0.002 	
0.790 	3.200 	48.000 	0.007 	
0.800 	3.200 	49.000 	0.008 	
0.810 	3.200 	48.000 	0.001 	
0.820 	3.200 	47.000 	0.005 	
0.840 	3.200 	47.000 	0.002 	
0.860 	3.200 	25.000 	0.002 	
0.880 	3.200 	7.000 	0.002 	
0.890 	3.200 	46.000 	0.001 	

0.750 	3.300 	47.000 	0.007 	
0.770 	3.300 	49.000 	0.009 	
0.790 	3.300 	47.000 	0.003 	
0.810 	3.300 	49.000 	0.005 	
0.840 	3.300 	48.000 	0.008 	
0.860 	3.300 	25.000 	0.001 	
0.880 	3.300 	7.000 	0.002 	

0.760 	3.400 	49.000 	0.005 	
0.770 	3.400 	49.000 	0.008 	
0.800 	3.400 	49.000 	0.005 	
0.830 	3.400 	49.000 	0.004 	
0.840 	3.400 	49.000 	0.006 	
0.850 	3.400 	48.000 	0.005 	
0.860 	3.400 	25.000 	0.001 	
0.880 	3.400 	7.000 	0.002 	
0.890 	3.400 	49.000 	0.000 	

0.770 	3.500 	48.000 	0.004 	
0.800 	3.500 	49.000 	0.006 	
0.860 	3.500 	25.000 	0.001 	
0.880 	3.500 	7.000 	0.002 	
0.890 	3.500 	47.000 	0.009 	

0.800 	3.600 	48.000 	0.008 	
0.820 	3.600 	46.000 	0.008 	
0.860 	3.600 	25.000 	0.001 	
0.880 	3.600 	7.000 	0.002 	
0.890 	3.600 	48.000 	0.001 	

0.770 	3.700 	49.000 	0.003 	
0.810 	3.700 	48.000 	0.008 	
0.840 	3.700 	47.000 	0.004 	
0.860 	3.700 	24.000 	0.002 	
0.880 	3.700 	7.000 	0.002 	

0.770 	3.800 	48.000 	0.006 	
0.820 	3.800 	48.000 	0.006 	
0.860 	3.800 	45.000 	0.004 	
0.880 	3.800 	7.000 	0.002 	

0.840 	3.900 	48.000 	0.010 	
0.860 	3.900 	24.000 	0.002 	
0.880 	3.900 	7.000 	0.002 	
