0 
0 
8 
10 
1 
7 
8 
9 
0 
11 
1 
11 
7 
6 
6 
10 
6 
7 
4 
6 
10 
2 
1 
4 
0 
7 
4 
9 
0 
4 
5 
8 
10 
10 
9 
2 
7 
11 
5 
11 
9 
7 
3 
7 
10 
8 
6 
11 
2 
10 
5 
5 
2 
1 
6 
11 
8 
3 
6 
5 
11 
8 
10 
6 
1 
9 
9 
1 
9 
1 
4 
11 
6 
2 
4 
6 
11 
1 
11 
8 
3 
6 
3 
10 
0 
10 
0 
5 
1 
8 
4 
5 
2 
11 
9 
6 
5 
10 
7 
7 
7 
5 
5 
6 
1 
10 
10 
7 
2 
2 
9 
9 
10 
7 
7 
9 
5 
10 
1 
4 
2 
9 
0 
1 
3 
1 
5 
8 
0 
3 
2 
3 
0 
5 
9 
6 
10 
11 
1 
1 
9 
2 
6 
1 
4 
4 
8 
5 
6 
11 
11 
2 
10 
1 
3 
6 
6 
9 
6 
3 
3 
11 
11 
4 
6 
6 
2 
8 
11 
4 
5 
10 
6 
8 
10 
11 
11 
7 
0 
10 
0 
1 
8 
9 
2 
9 
2 
2 
9 
7 
5 
9 
8 
11 
9 
4 
5 
2 
11 
2 
8 
5 
5 
1 
2 
3 
4 
4 
4 
2 
9 
1 
2 
2 
6 
8 
4 
10 
5 
6 
6 
5 
0 
7 
5 
5 
3 
2 
7 
5 
11 
2 
1 
1 
7 
9 
3 
11 
7 
6 
9 
9 
3 
6 
0 
9 
4 
7 
0 
6 
10 
4 
3 
8 
8 
6 
7 
7 
10 
9 
7 
9 
10 
0 
8 
8 
0 
10 
4 
10 
7 
5 
0 
2 
8 
10 
0 
2 
0 
10 
3 
11 
5 
3 
7 
3 
0 
0 
7 
9 
1 
4 
11 
0 
7 
0 
9 
6 
6 
11 
3 
11 
10 
3 
3 
6 
8 
4 
5 
2 
11 
10 
0 
5 
4 
0 
7 
8 
0 
3 
11 
10 
4 
7 
8 
7 
1 
9 
10 
3 
3 
6 
8 
4 
6 
4 
11 
4 
4 
0 
10 
8 
9 
11 
10 
6 
6 
8 
11 
0 
1 
2 
8 
7 
0 
10 
8 
11 
1 
1 
3 
4 
7 
5 
4 
3 
6 
11 
1 
5 
7 
7 
10 
4 
10 
2 
4 
2 
9 
10 
5 
7 
0 
1 
11 
5 
4 
7 
2 
1 
10 
0 
2 
4 
8 
11 
5 
0 
11 
8 
9 
6 
0 
10 
4 
7 
9 
0 
2 
8 
6 
10 
8 
3 
9 
0 
5 
10 
7 
10 
1 
3 
8 
10 
7 
2 
3 
10 
4 
9 
0 
9 
2 
11 
1 
6 
9 
5 
11 
2 
4 
9 
0 
4 
7 
9 
10 
8 
7 
6 
3 
1 
11 
9 
6 
10 
7 
9 
10 
8 
7 
10 
5 
2 
2 
10 
10 
2 
4 
8 
11 
4 
1 
9 
11 
8 
6 
11 
4 
1 
2 
11 
4 
4 
2 
1 
5 
4 
6 
8 
5 
7 
10 
0 
6 
11 
3 
10 
11 
7 
