#t p q a dW
0 1 0 -0 1.97785
0.1 0.995008 0.0998335 -0.0996678 1.52724
0.2 0.980132 0.198672 -0.197368 1.01441
0.3 0.955662 0.29554 -0.291256 0.373157
0.4 0.922062 0.3895 -0.379726 -0.144327
0.5 0.879941 0.479668 -0.461485 1.15064
0.6 0.83002 0.565228 -0.535608 -0.427958
0.7 0.773093 0.645439 -0.601549 0.348937
0.8 0.70999 0.719641 -0.659115 -2.57999
0.9 0.641545 0.787259 -0.708421 0.495443
1 0.568569 0.847799 -0.749826 -1.14748
1.1 0.491826 0.900847 -0.783853 -1.9033
1.2 0.412024 0.946062 -0.811119 1.07355
1.3 0.329806 0.983171 -0.83226 -0.577956
1.4 0.245756 1.01196 -0.847874 0.697956
1.5 0.160399 1.03228 -0.85847 -0.0582329
1.6 0.0742164 1.04401 -0.86443 0.665885
1.7 -0.0123404 1.04711 -0.865982 0.805802
1.8 -0.0988352 1.04155 -0.863187 0.811343
1.9 -0.184829 1.02736 -0.855937 -0.780807
2 -0.269865 1.00461 -0.843955 -0.977184
2.1 -0.353449 0.973435 -0.826822 -0.36434
2.2 -0.43504 0.933991 -0.804 -1.1328
2.3 -0.514039 0.886513 -0.774872 -0.338991
2.4 -0.589783 0.831292 -0.738803 0.752654
2.5 -0.661548 0.768689 -0.695193 0.207755
2.6 -0.728554 0.699141 -0.64356 -0.240989
2.7 -0.789982 0.623164 -0.583607 -2.70665
2.8 -0.844997 0.541358 -0.515301 -1.62274
2.9 -0.892773 0.454406 -0.438929 0.990324
3 -0.932535 0.363071 -0.355147 -0.464402
3.1 -0.963589 0.26819 -0.264986 0.306309
3.2 -0.985365 0.170662 -0.169835 0.035619
3.3 -0.997446 0.0714398 -0.071379 -0.485892
3.4 -0.999594 -0.0284955 0.0284916 0.72706
3.5 -0.991767 -0.128146 0.127796 -0.501103
3.6 -0.974119 -0.226521 0.224589 -2.38308
3.7 -0.946992 -0.322654 0.317085 0.160287
3.8 -0.910896 -0.415621 0.403758 0.947583
3.9 -0.866475 -0.504556 0.483418 0.796841
4 -0.814474 -0.588663 0.555249 0.925327
4.1 -0.755701 -0.667225 0.618808 -0.482954
4.2 -0.690992 -0.739605 0.673996 -0.874726
4.3 -0.621175 -0.805253 0.721006 1.103
4.4 -0.54705 -0.863697 0.760249 -0.387271
4.5 -0.469365 -0.914544 0.792285 1.11819
4.6 -0.388812 -0.957474 0.81774 0.0421303
4.7 -0.306015 -0.992232 0.837248 0.0516823
4.8 -0.221541 -1.01862 0.851386 0.190971
4.9 -0.135901 -1.0365 0.860628 0.739341
5 -0.0495672 -1.04578 0.865315 1.33364
5.1 0.0370161 -1.04641 0.86563 0.230861
5.2 0.123414 -1.03838 0.861584 0.716967
5.3 0.209182 -1.02174 0.85302 0.14838
5.4 0.293856 -0.996582 0.839619 -0.716867
5.5 0.37693 -0.963027 0.820924 -1.45972
5.6 0.457846 -0.921267 0.796369 0.310039
5.7 0.535987 -0.87155 0.765327 -0.939262
5.8 0.610674 -0.814185 0.727166 -0.119645
5.9 0.681164 -0.749555 0.681313 0.0845603
6 0.746665 -0.678118 0.627329 -1.31848
6.1 0.806351 -0.600416 0.564985 1.29282
6.2 0.859385 -0.51707 0.494335 0.545724
6.3 0.904954 -0.428788 0.415768 1.68678
6.4 0.9423 -0.336353 0.330047 -0.693119
6.5 0.970762 -0.240624 0.238309 -0.24625
6.6 0.98981 -0.142515 0.142033 -0.191649
6.7 0.999076 -0.0429881 0.0429748 -2.15477
6.8 0.998376 0.0569679 -0.056937 1.17428
6.9 0.987726 0.156355 -0.155719 -0.0884357
7 0.967334 0.254188 -0.25146 -1.2807
7.1 0.937593 0.34951 -0.342438 0.392913
7.2 0.899054 0.441413 -0.427218 0.121678
7.3 0.852393 0.52905 -0.504714 -1.09076
7.4 0.798378 0.611647 -0.574216 1.97944
7.5 0.737828 0.688508 -0.635386 -3.33896
7.6 0.671579 0.759022 -0.688213 0.0164628
7.7 0.600455 0.822661 -0.732959 0.260169
7.8 0.525241 0.878977 -0.770087 2.18566
7.9 0.446672 0.927598 -0.800182 1.11946
8 0.365418 0.968222 -0.823879 -0.0911422
8.1 0.282089 1.00061 -0.841802 0.57188
8.2 0.197232 1.02459 -0.854501 -1.74241
8.3 0.111348 1.04002 -0.862417 0.989296
8.4 0.0248979 1.04684 -0.865846 -1.43992
8.5 -0.0616768 1.045 -0.864925 0.404762
8.6 -0.147941 1.03451 -0.859615 2.30786
8.7 -0.233447 1.01544 -0.849711 -0.589638
8.8 -0.317718 0.987866 -0.834853 1.06613
8.9 -0.400236 0.951952 -0.814549 -0.388376
9 -0.480427 0.907897 -0.788211 -2.41815
9.1 -0.557656 0.855965 -0.755204 -0.27349
9.2 -0.631224 0.796488 -0.714905 -0.408059
9.3 -0.700375 0.729867 -0.666771 -1.01307
9.4 -0.764304 0.656586 -0.610417 -0.52701
9.5 -0.822179 0.577208 -0.545687 0.0248602
9.6 -0.873167 0.49238 -0.472725 1.48409
9.7 -0.916466 0.402831 -0.392025 -0.626851
9.8 -0.951342 0.309368 -0.304457 -0.965346
9.9 -0.977169 0.212865 -0.211261 0.616438
10 -0.993459 0.114252 -0.114004 -0.686609
10.1 -0.999895 0.0145014 -0.0145009 -0.0357255
10.2 -0.996349 -0.085394 0.0852902 1.5495
10.3 -0.982893 -0.184438 0.183394 -2.93255
10.4 -0.959789 -0.281651 0.277942 -0.100899
10.5 -0.927479 -0.376089 0.367285 -0.0230194
10.6 -0.886551 -0.466859 0.450084 0.550054
10.7 -0.837713 -0.553135 0.525358 -1.49073
10.8 -0.781751 -0.634164 0.592505 -1.05741
10.9 -0.719491 -0.709275 0.651284 -1.23287
11 -0.651771 -0.777881 0.701771 -0.241217
11.1 -0.579403 -0.839475 0.744292 0.63171
11.2 -0.503161 -0.893632 0.779353 -1.25685
11.3 -0.423761 -0.940002 0.807559 0.536225
11.4 -0.341856 -0.978301 0.82955 -0.437939
11.5 -0.258038 -1.00831 0.845931 -0.297757
11.6 -0.172839 -1.02986 0.857228 -0.486466
11.7 -0.0867482 -1.04285 0.863842 1.04261
11.8 -0.000218479 -1.0472 0.866025 1.72464
11.9 0.0863123 -1.04289 0.863864 0.108565
12 0.172407 -1.02995 0.857273 0.535409
12.1 0.257611 -1.00844 0.846001 0.718643
12.2 0.341438 -0.978473 0.829646 -0.57378
12.3 0.423353 -0.940216 0.807685 -0.0398008
12.4 0.502768 -0.893886 0.779512 1.21247
12.5 0.579027 -0.839767 0.744488 0.417543
12.6 0.651417 -0.778209 0.702005 -0.334287
12.7 0.719163 -0.709638 0.65156 -0.381486
12.8 0.781452 -0.634559 0.592822 -0.559814
12.9 0.837448 -0.553558 0.525717 0.0719526
13 0.886324 -0.467307 0.450483 0.951366
13.1 0.927293 -0.376557 0.367721 -0.79318
13.2 0.959649 -0.282135 0.278407 -0.642326
13.3 0.982801 -0.184934 0.183881 -1.62369
13.4 0.996306 -0.0858967 0.0857911 -0.196044
13.5 0.999902 0.0139969 -0.0139965 -0.636382
13.6 0.993516 0.113751 -0.113506 -0.0288507
13.7 0.977276 0.212372 -0.210779 -1.13729
13.8 0.951496 0.308888 -0.303999 0.404461
13.9 0.916663 0.402369 -0.391599 1.2508
14 0.873405 0.49194 -0.472336 2.32543
14.1 0.822454 0.576793 -0.545339 0.844806
14.2 0.764612 0.656201 -0.610111 -0.627384
14.3 0.700712 0.729514 -0.666507 0.857161
14.4 0.631585 0.796169 -0.714682 1.89116
14.5 0.558037 0.855684 -0.755019 -0.865651
14.6 0.480825 0.907654 -0.788062 0.694412
14.7 0.400647 0.95175 -0.814432 -1.26881
14.8 0.318139 0.987706 -0.834765 0.11311
14.9 0.233875 1.01532 -0.849649 -0.813894
15 0.148375 1.03444 -0.859576 1.13371
15.1 0.0621132 1.04497 -0.864909 -0.930156
15.2 -0.0244611 1.04685 -0.865853 -0.271207
15.3 -0.110912 1.04008 -0.862445 0.701673
15.4 -0.196801 1.02469 -0.854552 0.695207
15.5 -0.281664 1.00075 -0.841878 1.0561
15.6 -0.365003 0.968406 -0.823984 0.37543
15.7 -0.446268 0.927823 -0.800317 2.1888
15.8 -0.524853 0.879242 -0.770256 -1.08456
15.9 -0.600085 0.822964 -0.733165 0.785105
16 -0.671232 0.759361 -0.688458 -0.52919
16.1 -0.737507 0.68888 -0.635673 -0.882752
16.2 -0.798088 0.61205 -0.574546 -0.386972
16.3 -0.852138 0.52948 -0.505085 0.901417
16.4 -0.898838 0.441867 -0.427628 0.435638
16.5 -0.93742 0.349983 -0.342882 1.32393
16.6 -0.967207 0.254676 -0.251932 -0.460434
16.7 -0.987647 0.156854 -0.156211 -0.71285
16.8 -0.998348 0.0574716 -0.05744 0.217662
16.9 -0.999097 -0.042484 0.0424712 -0.0964052
17 -0.989882 -0.142016 0.141539 0.786343
17.1 -0.970882 -0.240134 0.237833 -1.02301
17.2 -0.942466 -0.335878 0.329598 0.34905
17.3 -0.905163 -0.428331 0.415353 0.53541
17.4 -0.859634 -0.516636 0.493958 0.708579
17.5 -0.806636 -0.600009 0.56465 -1.34199
17.6 -0.746982 -0.677742 0.627035 -1.60688
17.7 -0.681508 -0.749211 0.681061 0.642183
17.8 -0.611041 -0.813877 0.726955 -0.0721362
17.9 -0.536374 -0.871279 0.765153 0.463493
18 -0.458248 -0.921036 0.796229 0.258856
18.1 -0.377344 -0.962836 0.820815 -0.0215946
18.2 -0.29428 -0.996433 0.839538 -0.760587
18.3 -0.209613 -1.02164 0.852965 -2.49388
18.4 -0.123848 -1.03832 0.861552 -1.83704
18.5 -0.0374529 -1.04639 0.86562 1.32068
18.6 0.0491306 -1.0458 0.865328 0.462509
18.7 0.135467 -1.03657 0.860663 0.239873
18.8 0.221112 -1.01873 0.851444 -1.08674
18.9 0.305593 -0.992386 0.837333 1.302
19 0.388399 -0.95767 0.817853 0.399613
19.1 0.468966 -0.914781 0.792429 -1.45727
19.2 0.546666 -0.863973 0.760428 0.221609
19.3 0.620811 -0.805566 0.721223 -0.682549
19.4 0.690651 -0.739954 0.674254 0.159136
19.5 0.755389 -0.667606 0.619108 -0.623555
19.6 0.814194 -0.589074 0.555591 -0.0204447
19.7 0.866231 -0.504993 0.483801 -1.22259
19.8 0.910692 -0.41608 0.404178 0.306113
19.9 0.946832 -0.323132 0.317538 -1.31796
20 0.974005 -0.227013 0.225068 0.188203
20.1 0.991702 -0.128647 0.128292 0.357683
20.2 0.999579 -0.0289998 0.0289958 -0.0493156
20.3 0.997482 0.0709365 -0.070877 0.327857
20.4 0.985451 0.170165 -0.169345 2.98638
20.5 0.963723 0.267703 -0.264517 -0.85119
20.6 0.932714 0.3626 -0.354707 -0.172039
20.7 0.892994 0.453956 -0.438524 -0.576706
20.8 0.845256 0.540932 -0.514935 0.948369
20.9 0.790277 0.622765 -0.583284 -0.286962
21 0.728879 0.698773 -0.643279 -1.40922
21.1 0.661898 0.768355 -0.694953 -0.57387
21.2 0.590156 0.830994 -0.738602 0.38485
21.3 0.51443 0.886254 -0.774708 0.516763
21.4 0.435446 0.933772 -0.803869 0.548598
21.5 0.353866 0.973256 -0.826722 -0.814291
21.6 0.270291 1.00448 -0.843882 -1.93453
21.7 0.185261 1.02727 -0.855888 0.500483
21.8 0.0992707 1.0415 -0.863162 -1.69921
21.9 0.0127773 1.0471 -0.865978 0.123287
22 -0.0737802 1.04405 -0.864448 -0.27861
22.1 -0.159966 1.03236 -0.858511 0.810224
22.2 -0.245328 1.01209 -0.84794 0.824211
22.3 -0.329387 0.983338 -0.832352 -0.00103246
22.4 -0.411615 0.94627 -0.81124 0.0555749
22.5 -0.491431 0.901095 -0.784007 0.417833
22.6 -0.568191 0.848086 -0.750016 -2.33612
22.7 -0.641188 0.787582 -0.708649 -0.147157
22.8 -0.709657 0.719999 -0.659384 0.754711
22.9 -0.772789 0.645829 -0.60186 -0.56498
23 -0.82975 0.565647 -0.535962 -0.293222
23.1 -0.879708 0.480112 -0.461879 -0.441088
23.2 -0.92187 0.389965 -0.380156 0.132952
23.3 -0.955515 0.296022 -0.291718 -1.9543
23.4 -0.980032 0.199167 -0.197852 2.02575
23.5 -0.994958 0.100336 -0.100167 -0.83539
23.6 -1 0.000504555 -0.000504555 1.34263
23.7 -0.995058 -0.0993315 0.0991682 -0.917563
23.8 -0.980232 -0.198177 0.196883 0.672652
23.9 -0.955809 -0.295058 0.290795 -1.00479
24 -0.922253 -0.389035 0.379295 1.21272
24.1 -0.880174 -0.479224 0.461091 0.578115
24.2 -0.83029 -0.564809 0.535255 2.72641
24.3 -0.773396 -0.645049 0.601237 0.476732
24.4 -0.710322 -0.719282 0.658845 -0.928556
24.5 -0.641903 -0.786935 0.708193 -0.864711
24.6 -0.568947 -0.847512 0.749636 0.962851
24.7 -0.492222 -0.900599 0.783699 -0.0557941
24.8 -0.412433 -0.945854 0.810997 -0.47992
24.9 -0.330226 -0.983005 0.832167 -0.257332
25 -0.246184 -1.01184 0.847808 0.376697
25.1 -0.160832 -1.0322 0.858428 -1.18985
25.2 -0.0746525 -1.04398 0.864411 0.68705
25.3 0.0119034 -1.04712 0.865985 0.594408
25.4 0.0983997 -1.0416 0.863212 1.29055
25.5 0.184398 -1.02745 0.855985 -0.493758
25.6 0.269439 -1.00475 0.844028 0.378294
25.7 0.353032 -0.973613 0.826923 0.124325
25.8 0.434634 -0.934211 0.80413 -0.437046
25.9 0.513648 -0.886772 0.775036 0.136238
26 0.58941 -0.831589 0.739003 1.18104
26.1 0.661197 -0.769023 0.695433 -0.291121
26.2 0.728229 -0.699508 0.643842 -0.2152
26.3 0.789688 -0.623563 0.583931 1.05386
26.4 0.844736 -0.541785 0.515666 -3.02671
26.5 0.892552 -0.454857 0.439333 -1.25178
26.6 0.932356 -0.363541 0.355586 -0.137206
26.7 0.963456 -0.268676 0.265455 1.14341
26.8 0.98528 -0.17116 0.170325 -0.279767
26.9 0.99741 -0.071943 0.071881 1.32796
27 0.999608 0.0279911 -0.0279875 -1.23473
27.1 0.991831 0.127646 -0.1273 -0.97935
27.2 0.974232 0.22603 -0.22411 -1.1226
27.3 0.947152 0.322176 -0.316631 -0.32428
27.4 0.9111 0.415161 -0.403337 0.492974
27.5 0.866719 0.504118 -0.483036 0.392828
27.6 0.814754 0.588252 -0.554908 -0.566758
27.7 0.756013 0.666843 -0.618509 0.701496
27.8 0.691332 0.739257 -0.673739 2.06108
27.9 0.621539 0.804939 -0.720789 -1.12951
28 0.547433 0.863421 -0.76007 0.0446395
28.1 0.469765 0.914307 -0.79214 -1.07007
28.2 0.389224 0.957278 -0.817627 0.147406
28.3 0.306438 0.992077 -0.837164 0.671374
28.4 0.221971 1.01851 -0.851327 0.135156
28.5 0.136336 1.03643 -0.860593 0.356396
28.6 0.0500038 1.04575 -0.865302 0.068372
28.7 -0.0365793 1.04642 -0.865639 -0.198762
28.8 -0.122979 1.03844 -0.861615 -0.970777
28.9 -0.208752 1.02185 -0.853075 -2.08354
29 -0.293433 0.99673 -0.8397 1.22087
29.1 -0.376516 0.963217 -0.821032 0.0534051
29.2 -0.457444 0.921498 -0.796508 -0.199493
29.3 -0.535601 0.87182 -0.765501 0.906146
29.4 -0.610307 0.814493 -0.727378 -2.06421
29.5 -0.68082 0.749898 -0.681564 -2.07844
29.6 -0.746349 0.678495 -0.627622 1.0068
29.7 -0.806066 0.600822 -0.565321 0.885023
29.8 -0.859136 0.517504 -0.494712 0.610573
29.9 -0.904744 0.429244 -0.416184 -0.031021
30 -0.942133 0.336829 -0.330496 -2.09327
30.1 -0.970642 0.241114 -0.238784 0.170273
30.2 -0.989738 0.143014 -0.142527 0.175257
30.3 -0.999054 0.0434921 -0.0434784 1.03153
30.4 -0.998405 -0.0564641 0.0564341 -1.63885
30.5 -0.987805 -0.155857 0.155227 0.185668
30.6 -0.967461 -0.2537 0.250987 0.513159
30.7 -0.937766 -0.349037 0.341993 -1.68057
30.8 -0.899269 -0.44096 0.426808 0.589789
30.9 -0.852647 -0.52862 0.504342 0.321705
31 -0.798667 -0.611244 0.573887 1.15987
31.1 -0.738148 -0.688136 0.635098 0.5386
31.2 -0.671926 -0.758684 0.687967 0.29041
31.3 -0.600825 -0.822358 0.732753 1.9016
31.4 -0.52563 -0.878712 0.769918 0.481598
31.5 -0.447076 -0.927372 0.800046 0.474631
31.6 -0.365834 -0.968038 0.823775 -0.884264
31.7 -0.282513 -1.00047 0.841725 1.07629
31.8 -0.197663 -1.02449 0.854449 1.35045
31.9 -0.111783 -1.03997 0.862388 0.0331337
32 -0.0253348 -1.04683 0.86584 1.41574
32.1 0.0612404 -1.04503 0.86494 -0.779489
32.2 0.147507 -1.03459 0.859653 0.0250631
32.3 0.233018 -1.01555 0.849773 -0.368115
32.4 0.317297 -0.988027 0.834942 0.666523
32.5 0.399825 -0.952154 0.814666 2.11879
32.6 0.480029 -0.908139 0.78836 2.18957
32.7 0.557275 -0.856246 0.755388 1.50526
32.8 0.630864 -0.796806 0.715127 -2.04284
32.9 0.700039 -0.730221 0.667034 1.5277
33 0.763996 -0.656972 0.610722 -0.56513
33.1 0.821904 -0.577623 0.546034 -2.3212
33.2 0.872928 -0.492821 0.473113 -1.88635
33.3 0.916268 -0.403294 0.39245 -1.30227
33.4 0.951189 -0.309848 0.304914 0.171015
33.5 0.977062 -0.213358 0.211743 -0.419275
33.6 0.993401 -0.114753 0.114502 -1.41125
33.7 0.999887 -0.0150059 0.0150054 -1.77446
33.8 0.996392 0.0848913 -0.0847893 -0.294613
33.9 0.982986 0.183942 -0.182906 0.778414
34 0.95993 0.281167 -0.277477 0.301545
34.1 0.927664 0.375621 -0.36685 -2.38298
34.2 0.886778 0.466412 -0.449684 -0.556908
34.3 0.837978 0.552712 -0.524998 -0.594885
34.4 0.78205 0.63377 -0.592187 0.338469
34.5 0.71982 0.708912 -0.651009 0.609548
34.6 0.652125 0.777552 -0.701537 1.31053
34.7 0.579778 0.839182 -0.744097 -0.6695
34.8 0.503554 0.893378 -0.779194 -0.237942
34.9 0.424168 0.939788 -0.807433 1.09993
35 0.342275 0.978128 -0.829453 -0.733616
35.1 0.258465 1.00818 -0.845862 -0.209661
35.2 0.173272 1.02978 -0.857183 0.557104
35.3 0.087184 1.0428 -0.86382 0.86403
35.4 0.000655436 1.0472 -0.866025 0.898615
35.5 -0.0858764 1.04293 -0.863886 0.509222
35.6 -0.171974 1.03004 -0.857318 0.928843
35.7 -0.257184 1.00857 -0.84607 -0.965479
35.8 -0.341019 0.978646 -0.829742 2.77599
35.9 -0.422946 0.940429 -0.807811 1.12752
36 -0.502374 0.89414 -0.779671 0.585357
36.1 -0.578652 0.840059 -0.744683 0.377326
36.2 -0.651062 0.778538 -0.702239 0.806914
36.3 -0.718834 0.710001 -0.651835 0.696542
36.4 -0.781153 0.634953 -0.59314 1.17462
36.5 -0.837183 0.55398 -0.526076 0.212059
36.6 -0.886096 0.467754 -0.450882 -0.100981
36.7 -0.927108 0.377024 -0.368156 -1.46545
36.8 -0.959509 0.282619 -0.278872 -0.581364
36.9 -0.982708 0.18543 -0.184369 0.794154
37 -0.996263 0.0863994 -0.0862919 -1.28719
37.1 -0.999909 -0.0134924 0.013492 1.85254
37.2 -0.993573 -0.11325 0.113008 2.34514
37.3 -0.977382 -0.211878 0.210297 0.738334
37.4 -0.951649 -0.308408 0.303542 -1.56712
37.5 -0.916861 -0.401906 0.391173 -0.140765
37.6 -0.873644 -0.491499 0.471948 -0.200789
37.7 -0.82273 -0.576378 0.544991 -1.02084
37.8 -0.76492 -0.655815 0.609805 0.902408
37.9 -0.701048 -0.72916 0.666244 0.460912
38 -0.631946 -0.79585 0.714459 -0.158613
38.1 -0.558418 -0.855402 0.754835 -0.684128
38.2 -0.481222 -0.907412 0.787912 1.40038
38.3 -0.401058 -0.951548 0.814315 -0.339579
38.4 -0.31856 -0.987545 0.834677 -3.33395
38.5 -0.234304 -1.0152 0.849587 0.044892
38.6 -0.148808 -1.03436 0.859538 1.02411
38.7 -0.0625496 -1.04494 0.864893 0.721955
38.8 0.0240242 -1.04686 0.865859 0.326725
38.9 0.110477 -1.04014 0.862473 -0.185524
39 0.19637 -1.02479 0.854604 0.253487
39.1 0.281239 -1.0009 0.841955 -1.22243
39.2 0.364587 -0.96859 0.824088 0.445034
39.3 0.445864 -0.928048 0.800452 -1.89325
39.4 0.524464 -0.879507 0.770425 -0.629443
39.5 0.599715 -0.823267 0.733371 0.88234
39.6 0.670884 -0.7597 0.688704 -0.666669
39.7 0.737186 -0.689252 0.63596 -0.764569
39.8 0.797798 -0.612452 0.574876 0.257303
39.9 0.851883 -0.52991 0.505456 0.00310961
40 0.898622 -0.44232 0.428038 0.847843
40.1 0.937247 -0.350456 0.343326 0.785674
40.2 0.96708 -0.255164 0.252404 1.12743
40.3 0.987568 -0.157352 0.156703 0.772014
40.4 0.998318 -0.0579753 0.0579428 -0.68244
40.5 0.999119 0.0419799 -0.0419675 1.29299
40.6 0.989953 0.141516 -0.141044 -0.227995
40.7 0.971002 0.239644 -0.237357 -1.64477
40.8 0.942632 0.335402 -0.329149 1.20854
40.9 0.905373 0.427874 -0.414938 -0.190537
41 0.859884 0.516203 -0.493581 0.262718
41.1 0.806921 0.599602 -0.564314 -0.104466
41.2 0.747298 0.677365 -0.626742 -1.06518
41.3 0.681851 0.748867 -0.680809 -0.401801
41.4 0.611408 0.813568 -0.726743 -1.69532
41.5 0.53676 0.871009 -0.764979 1.59977
41.6 0.458649 0.920805 -0.796089 1.51169
41.7 0.377758 0.962646 -0.820706 -0.504585
41.8 0.294704 0.996285 -0.839458 -0.435337
41.9 0.210043 1.02153 -0.852909 -2.10231
42 0.124283 1.03826 -0.86152 -1.08541
42.1 0.0378896 1.04637 -0.865611 -1.07486
42.2 -0.048694 1.04583 -0.86534 0.307094
42.3 -0.135033 1.03664 -0.860697 -2.31582
42.4 -0.220682 1.01884 -0.851503 1.26513
42.5 -0.30517 0.99254 -0.837417 0.376777
42.6 -0.387987 0.957866 -0.817966 1.89566
42.7 -0.468566 0.915017 -0.792573 0.13191
42.8 -0.546282 0.864248 -0.760608 2.24669
42.9 -0.620447 0.805879 -0.72144 2.31567
43 -0.690311 0.740302 -0.674511 0.942895
43.1 -0.755076 0.667987 -0.619407 0.553702
43.2 -0.813913 0.589485 -0.555933 -0.315223
43.3 -0.865987 0.50543 -0.484183 -0.216507
43.4 -0.910488 0.41654 -0.404598 -0.250893
43.5 -0.946672 0.323609 -0.317991 -1.01157
43.6 -0.973892 0.227504 -0.225547 -0.821841
43.7 -0.991637 0.129147 -0.128788 0.445488
43.8 -0.999565 0.0295042 -0.0294999 -0.909836
43.9 -0.997518 -0.0704332 0.070375 0.403391
44 -0.985536 -0.169668 0.168855 -0.84566
44.1 -0.963856 -0.267217 0.264048 1.0988
44.2 -0.932893 -0.36213 0.354267 -0.080576
44.3 -0.893216 -0.453505 0.438119 0.785138
44.4 -0.845516 -0.540505 0.514569 1.71469
44.5 -0.790571 -0.622367 0.58296 0.756552
44.6 -0.729203 -0.698405 0.642997 0.111556
44.7 -0.662249 -0.768021 0.694713 1.21547
44.8 -0.590528 -0.830696 0.738401 -2.06551
44.9 -0.51482 -0.885994 0.774544 1.17186
45 -0.435851 -0.933552 0.803738 -0.146895
45.1 -0.354283 -0.973078 0.826622 0.12337
45.2 -0.270717 -1.00434 0.843809 -1.61449
45.3 -0.185693 -1.02717 0.85584 -0.286294
45.4 -0.0997062 -1.04145 0.863137 -0.0726515
45.5 -0.0132142 -1.0471 0.865975 0.123762
45.6 0.0733441 -1.04409 0.864467 0.322806
45.7 0.159532 -1.03244 0.858553 -0.0140134
45.8 0.2449 -1.01221 0.848005 1.1196
45.9 0.328967 -0.983504 0.832444 0.583877
46 0.411205 -0.946477 0.811361 -0.051166
46.1 0.491035 -0.901343 0.784161 0.533302
46.2 0.567812 -0.848372 0.750205 -0.032917
46.3 0.64083 -0.787906 0.708878 -0.835281
46.4 0.709324 -0.720357 0.659653 0.441129
46.5 0.772485 -0.646219 0.602172 1.38985
46.6 0.829479 -0.566065 0.536315 -0.154473
46.7 0.879475 -0.480556 0.462272 -1.39386
46.8 0.921678 -0.39043 0.380586 -0.674321
46.9 0.955368 -0.296504 0.292179 -0.396167
47 0.979933 -0.199661 0.198337 -0.083058
47.1 0.994907 -0.100838 0.100667 0.046618
47.2 0.999999 -0.00100911 0.00100911 -1.98696
47.3 0.995108 0.0988294 -0.0986686 0.123416
47.4 0.980331 0.197683 -0.196398 1.07382
47.5 0.955956 0.294575 -0.290334 -0.720758
47.6 0.922445 0.388569 -0.378865 -0.650909
47.7 0.880406 0.47878 -0.460697 -0.0893116
47.8 0.83056 0.56439 -0.534901 0.109105
47.9 0.773699 0.644658 -0.600925 -1.11313
48 0.710654 0.718924 -0.658575 0.493426
48.1 0.64226 0.786611 -0.707964 0.999229
48.2 0.569325 0.847225 -0.749446 -0.735086
48.3 0.492617 0.90035 -0.783545 0.178254
48.4 0.412842 0.945646 -0.810875 -0.797693
48.5 0.330646 0.982838 -0.832075 1.00644
48.6 0.246612 1.01171 -0.847742 -0.805476
48.7 0.161265 1.03212 -0.858387 -0.985007
48.8 0.0750887 1.04394 -0.864392 0.321356
48.9 -0.0114665 1.04712 -0.865988 1.63733
49 -0.0979641 1.04165 -0.863237 -0.54036
49.1 -0.183966 1.02755 -0.856033 0.865994
49.2 -0.269013 1.00489 -0.844101 -0.782072
49.3 -0.352614 0.973791 -0.827023 -0.272213
49.4 -0.434228 0.93443 -0.80426 -0.128815
49.5 -0.513257 0.887031 -0.7752 -1.10247
49.6 -0.589037 0.831887 -0.739203 0.293684
49.7 -0.660846 0.769356 -0.695673 -1.36937
49.8 -0.727904 0.699876 -0.644123 -1.42313
49.9 -0.789393 0.623961 -0.584254 0.503652
50 -0.844476 0.542211 -0.516031 0.51635
50.1 -0.89233 0.455307 -0.439738 -0.105787
50.2 -0.932176 0.364012 -0.356026 -0.245541
50.3 -0.963322 0.269162 -0.265923 0.0793005
50.4 -0.985194 0.171657 -0.170815 -1.19389
50.5 -0.997373 0.0724463 -0.0723829 0.313147
50.6 -0.999622 -0.0274868 0.0274833 0.619649
50.7 -0.991895 -0.127145 0.126803 -0.884878
50.8 -0.974345 -0.225538 0.223631 0.916236
50.9 -0.947312 -0.321698 0.316178 -0.697781
51 -0.911303 -0.414701 0.402917 0.925436
51.1 -0.866962 -0.503681 0.482653 0.0698565
51.2 -0.815034 -0.587841 0.554566 -0.346704
51.3 -0.756325 -0.666462 0.618209 -0.0234008
51.4 -0.691672 -0.738908 0.673481 0.485017
51.5 -0.621902 -0.804626 0.720571 0.838986
51.6 -0.547817 -0.863144 0.75989 -0.294285
51.7 -0.470165 -0.91407 0.791995 0.763373
51.8 -0.389637 -0.957081 0.817514 -1.33518
51.9 -0.30686 -0.991923 0.837079 -1.55085
52 -0.2224 -1.0184 0.851268 1.3044
52.1 -0.13677 -1.03636 0.860558 -2.17848
52.2 -0.0504404 -1.04573 0.86529 -0.20481
52.3 0.0361426 -1.04644 0.865648 -0.613585
52.4 0.122544 -1.03851 0.861647 -0.49215
52.5 0.208322 -1.02196 0.85313 2.06267
52.6 0.293009 -0.996878 0.83978 0.630286
52.7 0.376101 -0.963407 0.821141 0.930166
52.8 0.457042 -0.921729 0.796648 1.56625
52.9 0.535215 -0.87209 0.765675 -0.672252
53 0.60994 -0.814801 0.727589 0.64262
53.1 0.680476 -0.750242 0.681816 1.16528
53.2 0.746032 -0.678872 0.627915 -0.385974
53.3 0.80578 -0.601229 0.565656 -1.46888
53.4 0.858886 -0.517937 0.495089 -0.581394
53.5 0.904534 -0.429701 0.416599 -0.0310256
53.6 0.941966 -0.337304 0.330944 -0.202662
53.7 0.970521 -0.241603 0.23926 0.873273
53.8 0.989666 -0.143514 0.143022 1.20558
53.9 0.999032 -0.0439962 0.043982 1.55066
54 0.998433 0.0559604 -0.0559312 1.07806
54.1 0.987883 0.155359 -0.154734 -1.17572
54.2 0.967588 0.253212 -0.250515 2.36668
54.3 0.937938 0.348564 -0.341549 0.0590415
54.4 0.899484 0.440506 -0.426397 -0.388758
54.5 0.852902 0.52819 -0.503971 0.290389
54.6 0.798957 0.610841 -0.573556 1.93205
54.7 0.738469 0.687763 -0.63481 -0.262442
54.8 0.672273 0.758344 -0.68772 1.19981
54.9 0.601194 0.822055 -0.732546 1.72964
55 0.526018 0.878447 -0.769748 0.179088
55.1 0.447479 0.927147 -0.799911 -0.0181074
55.2 0.36625 0.967853 -0.82367 -0.314195
55.3 0.282938 1.00033 -0.841648 1.48244
55.4 0.198094 1.02439 -0.854397 1.8653
55.5 0.112218 1.03991 -0.86236 1.28038
55.6 0.0257717 1.04681 -0.865834 -0.804154
55.7 -0.060804 1.04506 -0.864956 -1.06059
55.8 -0.147073 1.03466 -0.859691 0.418299
55.9 -0.232589 1.01567 -0.849835 0.0571208
56 -0.316876 0.988187 -0.83503 1.11593
56.1 -0.399414 0.952355 -0.814783 -1.21106
56.2 -0.479631 0.908381 -0.788509 0.53571
56.3 -0.556894 0.856527 -0.755572 -0.389734
56.4 -0.630503 0.797124 -0.715349 0.261339
56.5 -0.699702 0.730574 -0.667297 -0.831957
56.6 -0.763688 0.657357 -0.611027 -0.96505
56.7 -0.821628 0.578038 -0.546382 0.761566
56.8 -0.872689 0.493261 -0.473501 -1.50196
56.9 -0.91607 0.403756 -0.392875 -1.17567
57 -0.951035 0.310328 -0.305371 -0.976984
57.1 -0.976955 0.213851 -0.212224 -0.557825
57.2 -0.993343 0.115255 -0.115 -0.675642
57.3 -0.99988 0.0155104 -0.0155098 -0.17658
57.4 -0.996435 -0.0843885 0.0842884 -2.11701
57.5 -0.983078 -0.183446 0.182419 0.521262
57.6 -0.960069 -0.280682 0.277011 0.198383
57.7 -0.927849 -0.375153 0.366415 0.184467
57.8 -0.887005 -0.465964 0.449285 0.841466
57.9 -0.838243 -0.55229 0.524638 -0.167686
58 -0.782348 -0.633375 0.591869 -0.0557992
58.1 -0.720148 -0.708549 0.650733 2.52209
58.2 -0.652479 -0.777223 0.701302 -0.498551
58.3 -0.580154 -0.83889 0.743902 -0.198218
58.4 -0.503947 -0.893124 0.779034 -0.632627
58.5 -0.424576 -0.939574 0.807307 -0.327694
58.6 -0.342693 -0.977956 0.829357 0.337112
58.7 -0.258891 -1.00805 0.845792 -0.687724
58.8 -0.173704 -1.02969 0.857138 -1.79785
58.9 -0.0876198 -1.04276 0.863798 -1.72934
59 -0.00109239 -1.0472 0.866025 -0.274135
59.1 0.0854405 -1.04298 0.863908 1.405
59.2 0.171542 -1.03012 0.857362 1.19377
59.3 0.256757 -1.0087 0.846139 0.0864979
59.4 0.3406 -0.978817 0.829838 -0.876912
59.5 0.422538 -0.940642 0.807937 -1.65052
59.6 0.501981 -0.894393 0.779829 -0.094698
59.7 0.578276 -0.840351 0.744877 -1.81128
59.8 0.650708 -0.778866 0.702473 -0.0981409
59.9 0.718505 -0.710364 0.65211 -0.857063
60 0.780853 -0.635347 0.593457 -0.568321
60.1 0.836917 -0.554403 0.526436 -0.350981
60.2 0.885869 -0.468201 0.451281 0.179441
60.3 0.926922 -0.377492 0.36859 0.950581
60.4 0.959368 -0.283103 0.279337 -0.299194
60.5 0.982614 -0.185925 0.184856 -1.17428
60.6 0.996219 -0.086902 0.0867927 -0.441761
60.7 0.999916 0.0129879 -0.0129876 -0.0245254
60.8 0.99363 0.112748 -0.112509 -0.820675
60.9 0.977488 0.211385 -0.209815 0.91169
61 0.951802 0.307928 -0.303084 0.330015
61.1 0.917058 0.401444 -0.390748 -0.56218
61.2 0.873882 0.491058 -0.471559 -0.423666
61.3 0.823004 0.575963 -0.544643 1.81627
61.4 0.765228 0.655429 -0.609499 1.08967
61.5 0.701384 0.728807 -0.66598 0.651638
61.6 0.632306 0.795531 -0.714236 1.32278
61.7 0.558799 0.85512 -0.75465 -0.84139
61.8 0.48162 0.907169 -0.787763 0.192927
61.9 0.401469 0.951345 -0.814197 -1.01703
62 0.318982 0.987385 -0.834588 0.918651
62.1 0.234733 1.01508 -0.849524 -0.655086
62.2 0.149242 1.03429 -0.8595 -0.471661
62.3 0.0629859 1.04491 -0.864877 0.95328
62.4 -0.0235873 1.04688 -0.865865 0.0123646
62.5 -0.110042 1.04019 -0.862501 1.20571
62.6 -0.195938 1.02489 -0.854655 1.08076
62.7 -0.280814 1.00104 -0.842032 -1.54337
62.8 -0.364171 0.968774 -0.824192 1.1414
62.9 -0.44546 0.928273 -0.800586 -1.48924
63 -0.524075 0.879771 -0.770593 -0.181605
63.1 -0.599345 0.823569 -0.733576 0.058526
63.2 -0.670537 0.760038 -0.688949 0.213341
63.3 -0.736865 0.689624 -0.636247 -0.169654
63.4 -0.797508 0.612855 -0.575205 1.68573
63.5 -0.851628 0.53034 -0.505827 0.980442
63.6 -0.898406 0.442774 -0.428447 1.19352
63.7 -0.937074 0.350929 -0.343771 -1.10286
63.8 -0.966953 0.255652 -0.252876 0.653525
63.9 -0.987489 0.15785 -0.157196 -0.657836
64 -0.998289 0.058479 -0.0584457 0.192027
64.1 -0.99914 -0.0414757 0.0414639 -0.142583
64.2 -0.990024 -0.141017 0.14055 -0.436986
64.3 -0.971122 -0.239154 0.236881 -0.280111
64.4 -0.942798 -0.334927 0.3287 -0.466518
64.5 -0.905582 -0.427417 0.414522 -0.434549
64.6 -0.860132 -0.515769 0.493204 -2.32527
64.7 -0.807205 -0.599194 0.563977 -0.856923
64.8 -0.747614 -0.676988 0.626448 0.621029
64.9 -0.682195 -0.748523 0.680557 -1.67376
65 -0.611774 -0.81326 0.726531 -0.362159
65.1 -0.537145 -0.870738 0.764804 -0.0523277
65.2 -0.459051 -0.920573 0.795949 -0.887971
65.3 -0.378172 -0.962455 0.820597 1.00616
65.4 -0.295127 -0.996136 0.839377 0.731897
65.5 -0.210473 -1.02143 0.852854 1.1174
65.6 -0.124718 -1.03819 0.861488 -1.27971
65.7 -0.0383264 -1.04635 0.865601 -0.118073
65.8 0.0482574 -1.04585 0.865352 -0.324867
65.9 0.134599 -1.03671 0.860732 0.958718
66 0.220252 -1.01896 0.851561 0.535027
66.1 0.304748 -0.992694 0.837501 -0.787599
66.2 0.387574 -0.958062 0.818078 -0.34811
66.3 0.468166 -0.915254 0.792717 0.728428
66.4 0.545898 -0.864524 0.760786 0.218524
66.5 0.620083 -0.806192 0.721656 -0.139636
66.6 0.689971 -0.74065 0.674768 1.59379
66.7 0.754764 -0.668368 0.619706 -0.0646053
66.8 0.813633 -0.589895 0.556274 0.219804
66.9 0.865742 -0.505867 0.484566 2.09323
67 0.910284 -0.416999 0.405018 0.539911
67.1 0.946511 -0.324087 0.318443 1.08009
67.2 0.973778 -0.227996 0.226025 -0.583234
67.3 0.991572 -0.129647 0.129284 -1.07571
67.4 0.99955 -0.0300085 0.030004 -1.61631
67.5 0.997553 0.0699299 -0.0698729 0.327161
67.6 0.985621 0.169171 -0.168365 -0.9136
67.7 0.963989 0.266731 -0.263579 -0.265739
67.8 0.933071 0.361659 -0.353826 2.07064
67.9 0.893437 0.453054 -0.437714 1.21216
68 0.845776 0.540079 -0.514203 0.743489
68.1 0.790865 0.621968 -0.582636 1.95515
68.2 0.729527 0.698037 -0.642715 0.723708
68.3 0.6626 0.767687 -0.694473 0.964223
68.4 0.590901 0.830398 -0.7382 0.868751
68.5 0.515211 0.885734 -0.77438 0.330437
68.6 0.436257 0.933332 -0.803607 -1.15107
68.7 0.3547 0.972899 -0.826521 -0.434878
68.8 0.271142 1.00421 -0.843736 0.290269
68.9 0.186125 1.02708 -0.855791 1.28223
69 0.100142 1.0414 -0.863111 -1.8141
69.1 0.0136512 1.04709 -0.865972 0.141541
69.2 -0.0729079 1.04413 -0.864486 -1.59891
69.3 -0.159099 1.03252 -0.858594 1.324
69.4 -0.244472 1.01233 -0.848071 -0.0905502
69.5 -0.328546 0.98367 -0.832536 -0.626427
69.6 -0.410796 0.946685 -0.811483 -0.113618
69.7 -0.490639 0.90159 -0.784315 0.28978
69.8 -0.567434 0.848659 -0.750394 0.249343
69.9 -0.640472 0.788229 -0.709106 -1.13322
70 -0.708991 0.720715 -0.659922 -0.372717
70.1 -0.772181 0.646608 -0.602483 0.537558
70.2 -0.829208 0.566484 -0.536668 1.57231
70.3 -0.879242 0.481 -0.462666 0.936861
70.4 -0.921486 0.390895 -0.381016 0.17246
70.5 -0.95522 0.296986 -0.29264 -0.403438
70.6 -0.979832 0.200155 -0.198822 -0.114906
70.7 -0.994856 0.10134 -0.101166 0.417334
70.8 -0.999999 0.00151366 -0.00151366 0.36801
70.9 -0.995158 -0.0983273 0.0981689 0.148843
71 -0.98043 -0.197188 0.195913 -1.97232
71.1 -0.956102 -0.294093 0.289872 -1.42881
71.2 -0.922636 -0.388104 0.378434 0.516812
71.3 -0.880639 -0.478336 0.460302 0.335798
71.4 -0.83083 -0.563971 0.534547 -0.143215
71.5 -0.774002 -0.644268 0.600613 0.0214214
71.6 -0.710987 -0.718565 0.658305 -0.638116
71.7 -0.642617 -0.786287 0.707735 -0.90542
71.8 -0.569704 -0.846937 0.749256 0.237711
71.9 -0.493012 -0.900102 0.78339 1.40935
72 -0.413251 -0.945438 0.810753 -0.174333
72.1 -0.331066 -0.982671 0.831982 -0.464565
72.2 -0.247039 -1.01159 0.847676 -0.217092
72.3 -0.161698 -1.03204 0.858345 1.44272
72.4 -0.0755248 -1.0439 0.864373 0.238179
72.5 0.0110296 -1.04713 0.86599 0.0538437
72.6 0.0975286 -1.0417 0.863262 0.381114
72.7 0.183534 -1.02764 0.856081 -0.437548
72.8 0.268587 -1.00502 0.844174 -1.55142
72.9 0.352197 -0.973969 0.827123 0.297149
73 0.433823 -0.934649 0.804391 -0.548585
73.1 0.512865 -0.88729 0.775363 -0.524196
73.2 0.588664 -0.832184 0.739403 -0.71457
73.3 0.660495 -0.76969 0.695912 0.160804
73.4 0.727579 -0.700243 0.644404 0.666915
73.5 0.789098 -0.624359 0.584578 0.151692
73.6 0.844216 -0.542637 0.516396 -0.305855
73.7 0.892108 -0.455757 0.440142 -0.67841
73.8 0.931996 -0.364482 0.356465 -0.953336
73.9 0.963187 -0.269648 0.266392 -0.894688
74 0.985107 -0.172154 0.171305 2.16568
74.1 0.997337 -0.0729495 0.0728848 0.0147425
74.2 0.999636 0.0269824 -0.0269791 -0.59776
74.3 0.991959 0.126645 -0.126307 -0.0706864
74.4 0.974458 0.225047 -0.223152 0.532912
74.5 0.947471 0.32122 -0.315725 -1.04516
74.6 0.911506 0.414241 -0.402496 -2.17307
74.7 0.867206 0.503243 -0.482269 1.61559
74.8 0.815314 0.587429 -0.554223 -0.422758
74.9 0.756637 0.66608 -0.617909 -0.201521
75 0.692011 0.738559 -0.673223 0.538368
75.1 0.622266 0.804312 -0.720353 -0.430559
75.2 0.5482 0.862868 -0.75971 1.2798
75.3 0.470564 0.913833 -0.79185 0.334318
75.4 0.390049 0.956885 -0.817401 -0.785687
75.5 0.307283 0.991768 -0.836995 -0.352835
75.6 0.22283 1.01829 -0.851209 -0.0666331
75.7 0.137204 1.03629 -0.860523 1.4379
75.8 0.050877 1.0457 -0.865277 0.530758
75.9 -0.0357058 1.04646 -0.865657 -1.04444
76 -0.122109 1.03857 -0.861678 0.370196
76.1 -0.207891 1.02206 -0.853185 -0.171787
76.2 -0.292585 0.997025 -0.83986 -1.79501
76.3 -0.375687 0.963596 -0.821249 -0.283982
76.4 -0.45664 0.92196 -0.796787 1.74177
76.5 -0.534829 0.87236 -0.765849 -0.404554
76.6 -0.609573 0.815109 -0.7278 -0.96029
76.7 -0.680132 0.750585 -0.682067 -1.16381
76.8 -0.745715 0.679248 -0.628208 -1.1888
76.9 -0.805495 0.601636 -0.565992 1.41942
77 -0.858636 0.51837 -0.495465 -0.0917878
77.1 -0.904323 0.430157 -0.417013 0.421555
77.2 -0.941799 0.337779 -0.331393 1.4091
77.3 -0.9704 0.242093 -0.239735 0.198113
77.4 -0.989594 0.144013 -0.143516 -2.73766
77.5 -0.99901 0.0445003 -0.0444856 -0.259974
77.6 -0.998461 -0.0554566 0.0554282 -1.27498
77.7 -0.987961 -0.15486 0.154242 0.151505
77.8 -0.967714 -0.252724 0.250042 0.228084
77.9 -0.938111 -0.348091 0.341104 0.394435
78 -0.899699 -0.440052 0.425987 -0.140412
78.1 -0.853156 -0.52776 0.503599 0.539147
78.2 -0.799246 -0.610438 0.573226 -0.0232985
78.3 -0.738789 -0.687391 0.634522 0.855406
78.4 -0.67262 -0.758005 0.687474 -0.726673
78.5 -0.601564 -0.821752 0.73234 -2.29329
78.6 -0.526407 -0.878181 0.769579 -0.22222
78.7 -0.447883 -0.926921 0.799775 -0.283059
78.8 -0.366665 -0.967668 0.823565 1.73868
78.9 -0.283363 -1.00018 0.841571 -0.262945
79 -0.198525 -1.02429 0.854345 1.86865
79.1 -0.112653 -1.03986 0.862331 0.322324
79.2 -0.0262085 -1.0468 0.865827 0.0646072
79.3 0.0603675 -1.04509 0.864971 -0.382684
79.4 0.14664 -1.03474 0.859728 0.155333
79.5 0.23216 -1.01579 0.849897 -0.12519
79.6 0.316454 -0.988346 0.835118 1.69177
79.7 0.399003 -0.952557 0.8149 0.277097
79.8 0.479233 -0.908623 0.788658 0.138908
79.9 0.556512 -0.856808 0.755756 0.415427
80 0.630142 -0.797442 0.715572 0.953176
80.1 0.699366 -0.730927 0.66756 0.061527
80.2 0.76338 -0.657743 0.611332 1.77555
80.3 0.821352 -0.578452 0.546729 0.873718
80.4 0.87245 -0.493701 0.473888 1.05262
80.5 0.915871 -0.404218 0.3933 -0.2455
80.6 0.950881 -0.310808 0.305828 0.0147911
80.7 0.976848 -0.214343 0.212706 0.612002
80.8 0.993285 -0.115756 0.115497 0.0382259
80.9 0.999872 -0.0160149 0.0160142 -0.00540024
81 0.996477 0.0838857 -0.0837874 -0.283812
81.1 0.98317 0.18295 -0.181931 0.219912
81.2 0.960209 0.280198 -0.276546 -0.364641
81.3 0.928034 0.374684 -0.365979 0.745943
81.4 0.887231 0.465517 -0.448885 -1.61652
81.5 0.838508 0.551867 -0.524278 -1.4076
81.6 0.782647 0.63298 -0.59155 -1.06187
81.7 0.720477 0.708186 -0.650457 0.0224903
81.8 0.652832 0.776893 -0.701067 -1.45869
81.9 0.580529 0.838597 -0.743706 0.75776
82 0.50434 0.89287 -0.778875 0.219866
82.1 0.424983 0.939359 -0.80718 -0.143025
82.2 0.343112 0.977783 -0.82926 -0.648896
82.3 0.259318 1.00792 -0.845723 0.822835
82.4 0.174137 1.0296 -0.857093 -0.7492
82.5 0.0880557 1.04272 -0.863776 -0.0737908
82.6 0.00152935 1.0472 -0.866025 0.631645
82.7 -0.0850046 1.04302 -0.863929 -0.00660159
82.8 -0.171109 1.03021 -0.857407 -0.546253
82.9 -0.25633 1.00883 -0.846208 0.525564
83 -0.340182 0.978989 -0.829934 1.05898
83.1 -0.422131 0.940855 -0.808062 -0.377869
83.2 -0.501587 0.894646 -0.779988 0.789986
83.3 -0.5779 0.840643 -0.745072 -0.392974
83.4 -0.650353 0.779195 -0.702707 -0.645777
83.5 -0.718176 0.710726 -0.652384 -2.10924
83.6 -0.780554 0.635741 -0.593774 -1.30499
83.7 -0.836651 0.554825 -0.526794 -0.203972
83.8 -0.885641 0.468648 -0.45168 1.30405
83.9 -0.926736 0.37796 -0.369025 -0.0269919
84 -0.959227 0.283587 -0.279802 -0.564463
84.1 -0.982521 0.186421 -0.185343 0.917535
84.2 -0.996175 0.0874047 -0.0872934 0.0110188
84.3 -0.999922 -0.0124834 0.0124831 0.643614
84.4 -0.993687 -0.112247 0.112011 -0.865121
84.5 -0.977594 -0.210892 0.209332 -0.211531
84.6 -0.951955 -0.307447 0.302627 0.151638
84.7 -0.917255 -0.400981 0.390322 -0.45877
84.8 -0.874119 -0.490617 0.47117 -0.666573
84.9 -0.823279 -0.575548 0.544294 1.12053
85 -0.765535 -0.655043 0.609193 -1.01494
85.1 -0.70172 -0.728453 0.665716 1.6639
85.2 -0.632666 -0.795212 0.714012 -0.858619
85.3 -0.559179 -0.854838 0.754465 1.02717
85.4 -0.482017 -0.906926 0.787613 -0.390324
85.5 -0.401879 -0.951142 0.81408 1.08885
85.6 -0.319403 -0.987224 0.834499 -0.699398
85.7 -0.235161 -1.01496 0.849462 -1.44476
85.8 -0.149676 -1.03421 0.859461 -0.662852
85.9 -0.0634223 -1.04487 0.864861 -0.955753
86 0.0231504 -1.04689 0.865871 -0.676634
86.1 0.109607 -1.04025 0.86253 1.99298
86.2 0.195507 -1.02499 0.854707 0.0098929
86.3 0.280389 -1.00118 0.842108 1.81582
86.4 0.363755 -0.968958 0.824296 -1.60486
86.5 0.445056 -0.928498 0.800721 -0.841743
86.6 0.523686 -0.880036 0.770762 0.316765
86.7 0.598975 -0.823872 0.733782 -2.7438
86.8 0.670189 -0.760376 0.689194 -0.199448
86.9 0.736544 -0.689996 0.636534 -0.50578
87 0.797218 -0.613257 0.575534 0.105126
87.1 0.851373 -0.53077 0.506197 1.35225
87.2 0.89819 -0.443227 0.428857 -0.0228773
87.3 0.9369 -0.351402 0.344214 0.580591
87.4 0.966825 -0.25614 0.253348 -0.65267
87.5 0.98741 -0.158348 0.157688 0.956036
87.6 0.99826 -0.0589827 0.0589485 0.782205
87.7 0.99916 0.0409716 -0.0409602 -0.456509
87.8 0.990095 0.140517 -0.140055 3.22348
87.9 0.971241 0.238664 -0.236405 -0.904991
88 0.942964 0.334451 -0.328251 -0.263897
88.1 0.905791 0.42696 -0.414106 -1.52841
88.2 0.860381 0.515335 -0.492826 1.96621
88.3 0.80749 0.598787 -0.563641 -2.97542
88.4 0.74793 0.67661 -0.626154 0.028219
88.5 0.682538 0.748179 -0.680305 -0.03807
88.6 0.612141 0.812951 -0.726319 1.6713
88.7 0.537531 0.870467 -0.76463 -1.50675
88.8 0.459453 0.920342 -0.795809 0.0764228
88.9 0.378586 0.962264 -0.820488 -0.468975
89 0.295551 0.995987 -0.839296 -0.846085
89.1 0.210904 1.02132 -0.852799 -1.42036
89.2 0.125152 1.03813 -0.861456 -0.549475
89.3 0.0387631 1.04633 -0.865591 1.04476
89.4 -0.0478208 1.04588 -0.865364 1.12538
89.5 -0.134164 1.03677 -0.860767 -2.20087
89.6 -0.219823 1.01907 -0.851619 -1.00125
89.7 -0.304325 0.992848 -0.837585 -1.07352
89.8 -0.387161 0.958257 -0.818191 0.348499
89.9 -0.467766 0.91549 -0.792861 -0.413206
90 -0.545514 0.864799 -0.760965 0.94598
90.1 -0.619719 0.806505 -0.721873 0.388433
90.2 -0.68963 0.740998 -0.675025 -0.799431
90.3 -0.754451 0.668749 -0.620005 -0.313879
90.4 -0.813352 0.590306 -0.556615 0.872169
90.5 -0.865498 0.506303 -0.484948 0.280283
90.6 -0.91008 0.417458 -0.405438 1.15889
90.7 -0.946351 0.324565 -0.318896 0.287985
90.8 -0.973663 0.228487 -0.226504 1.12065
90.9 -0.991507 0.130148 -0.129781 -0.0676201
91 -0.999534 0.0305128 -0.0305081 0.125086
91.1 -0.997588 -0.0694266 0.0693708 -0.0499115
91.2 -0.985706 -0.168673 0.167875 -0.785177
91.3 -0.964122 -0.266244 0.26311 -0.15222
91.4 -0.93325 -0.361188 0.353386 -0.344489
91.5 -0.893657 -0.452603 0.437308 0.85721
91.6 -0.846035 -0.539652 0.513837 0.42997
91.7 -0.791159 -0.621569 0.582311 -0.838291
91.8 -0.729852 -0.697669 0.642433 -0.703973
91.9 -0.66295 -0.767352 0.694232 -0.276051
92 -0.591273 -0.8301 0.737999 0.830108
92.1 -0.515602 -0.885474 0.774215 -0.669318
92.2 -0.436662 -0.933112 0.803476 3.13439
92.3 -0.355117 -0.97272 0.82642 -0.95312
92.4 -0.271568 -1.00407 0.843662 -1.28865
92.5 -0.186557 -1.02698 0.855743 -0.257206
92.6 -0.100577 -1.04135 0.863086 1.32422
92.7 -0.0140881 -1.04708 0.865968 1.42196
92.8 0.0724717 -1.04416 0.864504 -0.0606077
92.9 0.158666 -1.0326 0.858635 -0.70634
93 0.244045 -1.01246 0.848136 -0.554529
93.1 0.328126 -0.983835 0.832628 0.32946
93.2 0.410386 -0.946892 0.811604 -0.264519
93.3 0.490243 -0.901838 0.784468 -0.630499
93.4 0.567055 -0.848945 0.750584 -0.46379
93.5 0.640115 -0.788552 0.709333 -0.71918
93.6 0.708658 -0.721072 0.66019 -0.947806
93.7 0.771877 -0.646998 0.602794 0.877254
93.8 0.828937 -0.566902 0.537021 -2.08405
93.9 0.879008 -0.481443 0.463059 -0.479867
94 0.921294 -0.39136 0.381446 -0.580632
94.1 0.955072 -0.297468 0.2931 -0.182683
94.2 0.979732 -0.20065 0.199306 1.19494
94.3 0.994805 -0.101841 0.101666 0.915198
94.4 0.999998 -0.00201822 0.00201822 -0.628837
94.5 0.995207 0.0978252 -0.0976692 0.459657
94.6 0.980529 0.196693 -0.195428 -3.05847
94.7 0.956248 0.293611 -0.28941 0.977218
94.8 0.922827 0.387638 -0.378003 1.7671
94.9 0.880871 0.477891 -0.459908 0.590227
95 0.831099 0.563552 -0.534192 0.610613
95.1 0.774305 0.643877 -0.600301 0.850188
95.2 0.711319 0.718207 -0.658035 -0.0582205
95.3 0.642974 0.785962 -0.707506 -0.32096
95.4 0.570082 0.84665 -0.749065 -0.527336
95.5 0.493407 0.899853 -0.783235 0.0095185
95.6 0.41366 0.945229 -0.810631 -0.984245
95.7 0.331486 0.982504 -0.83189 0.403906
95.8 0.247467 1.01146 -0.84761 1.87726
95.9 0.162131 1.03195 -0.858303 1.14789
96 0.0759609 1.04386 -0.864353 0.203039
96.1 -0.0105926 1.04713 -0.865993 -0.761334
96.2 -0.097093 1.04175 -0.863287 0.466413
96.3 -0.183102 1.02773 -0.856128 -0.143517
96.4 -0.268161 1.00516 -0.844246 -0.741359
96.5 -0.35178 0.974146 -0.827223 -0.98784
96.6 -0.433417 0.934868 -0.80452 0.435471
96.7 -0.512474 0.887549 -0.775527 1.50618
96.8 -0.588291 0.832481 -0.739603 0.606584
96.9 -0.660144 0.770023 -0.696152 0.826156
97 -0.727254 0.70061 -0.644684 -0.9389
97.1 -0.788803 0.624757 -0.5849 0.787866
97.2 -0.843955 0.543063 -0.51676 1.10671
97.3 -0.891886 0.456207 -0.440546 -1.08117
97.4 -0.931816 0.364952 -0.356905 0.192277
97.5 -0.963053 0.270134 -0.26686 -0.0218458
97.6 -0.985021 0.172651 -0.171794 1.12369
97.7 -0.9973 0.0734527 -0.0733867 -1.05865
97.8 -0.999649 -0.026478 0.0264749 0.216372
97.9 -0.992023 -0.126144 0.12581 0.124798
98 -0.97457 -0.224555 0.222672 0.863381
98.1 -0.94763 -0.320742 0.315271 -0.239313
98.2 -0.911709 -0.413781 0.402074 0.296892
98.3 -0.867449 -0.502806 0.481886 -0.74022
98.4 -0.815593 -0.587018 0.553881 -0.996565
98.5 -0.756949 -0.665698 0.617608 -0.568252
98.6 -0.692351 -0.738209 0.672964 -0.162643
98.7 -0.622629 -0.803998 0.720136 0.463786
98.8 -0.548583 -0.862591 0.759531 0.798468
98.9 -0.470964 -0.913595 0.791705 1.68048
99 -0.390462 -0.956688 0.817287 0.0447161
99.1 -0.307705 -0.991613 0.83691 -0.675291
99.2 -0.223259 -1.01817 0.85115 -0.601393
99.3 -0.137638 -1.03623 0.860487 -0.297475
99.4 -0.0513136 -1.04568 0.865264 0.823345
99.5 0.035269 -1.04648 0.865666 -1.19955
99.6 0.121675 -1.03863 0.861709 1.13858
99.7 0.207461 -1.02217 0.853239 -0.386115
99.8 0.292162 -0.997173 0.83994 -0.37676
99.9 0.375273 -0.963786 0.821357 -1.26495
#***********************
# Npart = 8
# U0 = 1
# T1 = 1
# T2 = 0
# timeSteps = 100000
# timeDim = 1000
# gamma1 = 1
# gamma2 = 1
# alpha = 0
# job_id = 0
# printTVR = 0
# basename = N_00008__U0_1.00__T1_1.0__T2_0.00__A_0.00__id_00000
# time seed = 1447555310
# dt = 0.001
# dt2 = 1e-06
# HB01 seed01_1 = 1804289383
# HB01 seed01_2 = 846930886
# HB02 seed02_1 = 1681692777
# HB02 seed02_2 = 1714636915
#***********************
