#t p q a dW
0 0.707107 0 -0 1.97785
0.1 0.703576 0.0705929 -0.0705343 1.52724
0.2 0.693035 0.140481 -0.14002 1.01441
0.3 0.67564 0.208971 -0.207454 0.373157
0.4 0.651643 0.275389 -0.271922 -0.144327
0.5 0.621381 0.339091 -0.33263 1.15064
0.6 0.585264 0.39947 -0.38893 -0.427958
0.7 0.543759 0.455964 -0.440328 0.348937
0.8 0.497374 0.508059 -0.486483 -2.57999
0.9 0.446644 0.555294 -0.527193 0.495443
1 0.392119 0.597262 -0.56238 -1.14748
1.1 0.334352 0.63361 -0.592058 -1.9033
1.2 0.273889 0.664042 -0.616305 1.07355
1.3 0.211268 0.688316 -0.635237 -0.577956
1.4 0.147014 0.706241 -0.648979 0.697956
1.5 0.0816413 0.717681 -0.65764 -0.0582329
1.6 0.0156529 0.722549 -0.661299 0.665885
1.7 -0.050453 0.720808 -0.659992 0.805802
1.8 -0.11618 0.712471 -0.653706 0.811343
1.9 -0.181026 0.697601 -0.642381 -0.780807
2 -0.244485 0.676312 -0.625921 -0.977184
2.1 -0.306035 0.648768 -0.604205 -0.36434
2.2 -0.365146 0.615186 -0.577111 -1.1328
2.3 -0.421275 0.575838 -0.544538 -0.338991
2.4 -0.47387 0.531049 -0.506438 0.752654
2.5 -0.522379 0.4812 -0.462844 0.207755
2.6 -0.56626 0.426728 -0.413894 -0.240989
2.7 -0.604988 0.36812 -0.359862 -2.70665
2.8 -0.638077 0.305918 -0.301169 -1.62274
2.9 -0.665086 0.240708 -0.23839 0.990324
3 -0.685642 0.173116 -0.172253 -0.464402
3.1 -0.699453 0.103804 -0.103618 0.306309
3.2 -0.706315 0.0334572 -0.033451 0.035619
3.3 -0.706126 -0.0372238 0.0372152 -0.485892
3.4 -0.69889 -0.107533 0.107326 0.72706
3.5 -0.684714 -0.17677 0.175851 -0.501103
3.6 -0.663805 -0.244251 0.24183 -2.38308
3.7 -0.636462 -0.309317 0.304408 0.160287
3.8 -0.603061 -0.371342 0.362866 0.947583
3.9 -0.564045 -0.429742 0.416636 0.796841
4 -0.519904 -0.48398 0.465306 0.925327
4.1 -0.471163 -0.533569 0.50861 -0.482954
4.2 -0.418365 -0.578077 0.546415 -0.874726
4.3 -0.362064 -0.617126 0.578693 1.103
4.4 -0.302809 -0.650392 0.605498 -0.387271
4.5 -0.241144 -0.677607 0.626931 1.11819
4.6 -0.177598 -0.698558 0.643114 0.0421303
4.7 -0.112692 -0.713081 0.654168 0.0516823
4.8 -0.0469324 -0.721068 0.660187 0.190971
4.9 0.0191797 -0.722456 0.661229 0.739341
5 0.0851479 -0.717237 0.657305 1.33364
5.1 0.150474 -0.705448 0.648375 0.230861
5.2 0.214653 -0.68718 0.63436 0.716967
5.3 0.277173 -0.662573 0.615147 0.14838
5.4 0.337505 -0.631818 0.590613 -0.716867
5.5 0.395114 -0.595162 0.560643 -1.45972
5.6 0.44945 -0.552905 0.525161 0.310039
5.7 0.499962 -0.5054 0.484157 -0.939262
5.8 0.5461 -0.453058 0.437717 -0.119645
5.9 0.587331 -0.396343 0.386048 0.0845603
6 0.623147 -0.335772 0.329498 -1.31848
6.1 0.653085 -0.27191 0.268572 1.29282
6.2 0.676737 -0.205365 0.203924 0.545724
6.3 0.693772 -0.136783 0.136357 1.68678
6.4 0.703942 -0.0668395 0.0667897 -0.693119
6.5 0.707097 0.00377129 -0.00377128 -0.24625
6.6 0.703189 0.0743444 -0.0742759 -0.191649
6.7 0.692278 0.144176 -0.143677 -2.15477
6.8 0.674524 0.212572 -0.210975 1.17428
6.9 0.650184 0.278861 -0.275261 -0.0884357
7 0.619599 0.3424 -0.335749 -1.2807
7.1 0.583182 0.402586 -0.391799 0.392913
7.2 0.541403 0.458858 -0.442925 0.121678
7.3 0.494773 0.510705 -0.488793 -1.09076
7.4 0.443827 0.557669 -0.52921 1.97944
7.5 0.389115 0.599345 -0.564102 -3.33896
7.6 0.33119 0.635385 -0.593487 0.0164628
7.7 0.270599 0.665494 -0.617448 0.260169
7.8 0.207877 0.689434 -0.6361 2.18566
7.9 0.143551 0.707016 -0.649568 1.11946
8 0.078133 0.718107 -0.657961 -0.0911422
8.1 0.0121258 0.722623 -0.661355 0.57188
8.2 -0.0539725 0.72053 -0.659783 -1.74241
8.3 -0.119665 0.711842 -0.65323 0.989296
8.4 -0.18445 0.696627 -0.641634 -1.43992
8.5 -0.24782 0.674999 -0.624897 0.404762
8.6 -0.309254 0.647127 -0.602897 2.30786
8.7 -0.36822 0.613231 -0.575513 -0.589638
8.8 -0.424174 0.573584 -0.542646 1.06613
8.9 -0.476565 0.528515 -0.504251 -0.388376
9 -0.524841 0.478408 -0.460366 -2.41815
9.1 -0.56846 0.423702 -0.411138 -0.27349
9.2 -0.6069 0.364888 -0.356845 -0.408059
9.3 -0.639674 0.302511 -0.297918 -1.01307
9.4 -0.666348 0.237157 -0.23494 -0.52701
9.5 -0.686552 0.169457 -0.168647 0.0248602
9.6 -0.699996 0.100072 -0.0999052 1.48409
9.7 -0.706483 0.0296897 -0.0296853 -0.626851
9.8 -0.705918 -0.0409893 0.0409778 -0.965346
9.9 -0.698308 -0.111259 0.11103 0.616438
10 -0.683767 -0.18042 0.179443 -0.686609
10.1 -0.662506 -0.247788 0.24526 -0.0357255
10.2 -0.63483 -0.312707 0.307636 1.5495
10.3 -0.601118 -0.374553 0.365857 -2.93255
10.4 -0.561816 -0.432744 0.419364 -0.100899
10.5 -0.517416 -0.486746 0.467752 -0.0230194
10.6 -0.468444 -0.536075 0.510766 0.550054
10.7 -0.415446 -0.580301 0.548276 -1.49073
10.8 -0.358974 -0.619048 0.58026 -1.05741
10.9 -0.299577 -0.651998 0.606776 -1.23287
11 -0.237797 -0.678884 0.627925 -0.241217
11.1 -0.174166 -0.699496 0.643832 0.63171
11.2 -0.109202 -0.713673 0.654615 -1.25685
11.3 -0.0434109 -0.721309 0.660368 0.536225
11.4 0.0227061 -0.722345 0.661145 -0.437939
11.5 0.0886527 -0.716773 0.656955 -0.297757
11.6 0.15393 -0.704636 0.647757 -0.486466
11.7 0.218034 -0.686026 0.633467 1.04261
11.8 0.28045 -0.661086 0.613974 1.72464
11.9 0.340652 -0.63001 0.589153 0.108565
12 0.398099 -0.593047 0.55889 0.535409
12.1 0.452246 -0.5505 0.523113 0.718643
12.2 0.502538 -0.502726 0.481816 -0.57378
12.3 0.548428 -0.450139 0.435091 -0.0398008
12.4 0.589382 -0.393205 0.383151 1.21247
12.5 0.624896 -0.332444 0.326354 0.417543
12.6 0.654508 -0.268423 0.265211 -0.334287
12.7 0.677815 -0.201753 0.200387 -0.381486
12.8 0.694489 -0.133081 0.132689 -0.559814
12.9 0.704288 -0.0630841 0.0630423 0.0719526
13 0.707067 0.00754246 -0.00754239 0.951366
13.1 0.702783 0.0780937 -0.0780144 -0.79318
13.2 0.691502 0.147866 -0.147328 -0.642326
13.3 0.67339 0.216166 -0.214487 -1.62369
13.4 0.648707 0.282325 -0.278589 -0.196044
13.5 0.6178 0.3457 -0.338856 -0.636382
13.6 0.581085 0.405691 -0.394654 -0.0288507
13.7 0.539034 0.461739 -0.445506 -1.13729
13.8 0.49216 0.513337 -0.491087 0.404461
13.9 0.440999 0.560028 -0.53121 1.2508
14 0.386102 0.601412 -0.565808 2.32543
14.1 0.328021 0.637143 -0.594901 0.844806
14.2 0.267302 0.666929 -0.618576 -0.627384
14.3 0.204483 0.690533 -0.636948 0.857161
14.4 0.140085 0.707773 -0.650143 1.89116
14.5 0.074623 0.718515 -0.658267 -0.865651
14.6 0.00859837 0.722678 -0.661396 0.694412
14.7 -0.0574908 0.720232 -0.659559 -1.26881
14.8 -0.123147 0.711195 -0.652739 0.11311
14.9 -0.18787 0.695634 -0.640872 -0.813894
15 -0.25115 0.673669 -0.623857 1.13371
15.1 -0.312466 0.645469 -0.601573 -0.930156
15.2 -0.371285 0.611259 -0.573899 -0.271207
15.3 -0.427063 0.571314 -0.540738 0.701673
15.4 -0.479248 0.525966 -0.502048 0.695207
15.5 -0.52729 0.475602 -0.457874 1.0561
15.6 -0.570645 0.420664 -0.408367 0.37543
15.7 -0.608795 0.361647 -0.353815 2.1888
15.8 -0.641254 0.299095 -0.294655 -1.08456
15.9 -0.667592 0.2336 -0.231481 0.785105
16 -0.687441 0.165793 -0.165034 -0.52919
16.1 -0.700519 0.0963374 -0.0961884 -0.882752
16.2 -0.706632 0.0259213 -0.0259184 -0.386972
16.3 -0.705689 -0.0447537 0.0447387 0.901417
16.4 -0.697706 -0.114982 0.114729 0.435638
16.5 -0.6828 -0.184064 0.183026 1.32393
16.6 -0.661189 -0.251318 0.248681 -0.460434
16.7 -0.63318 -0.316089 0.310851 -0.71285
16.8 -0.599159 -0.377754 0.368834 0.217662
16.9 -0.559572 -0.435735 0.422077 -0.0964052
17 -0.514915 -0.489499 0.470184 0.786343
17.1 -0.465715 -0.538566 0.512906 -1.02301
17.2 -0.412517 -0.582509 0.550121 0.34905
17.3 -0.355875 -0.620955 0.581812 0.53541
17.4 -0.296337 -0.653587 0.608038 0.708579
17.5 -0.234446 -0.680144 0.628905 -1.34199
17.6 -0.170731 -0.700416 0.644535 -1.60688
17.7 -0.105709 -0.714246 0.655048 0.642183
17.8 -0.0398884 -0.721531 0.660535 -0.0721362
17.9 0.026232 -0.722214 0.661048 0.463493
18 0.0921555 -0.716291 0.656592 0.258856
18.1 0.157383 -0.703806 0.647124 -0.0215946
18.2 0.22141 -0.684854 0.63256 -0.760587
18.3 0.283722 -0.659581 0.612786 -2.49388
18.4 0.34379 -0.628185 0.587677 -1.83704
18.5 0.401076 -0.590916 0.557122 1.32068
18.6 0.45503 -0.548081 0.52105 0.462509
18.7 0.505101 -0.500039 0.47946 0.239873
18.8 0.550741 -0.447208 0.43245 -1.08674
18.9 0.591418 -0.390057 0.380241 1.302
19 0.626628 -0.329107 0.323198 0.399613
19.1 0.655913 -0.264928 0.26184 -1.45727
19.2 0.678875 -0.198135 0.196841 0.221609
19.3 0.695187 -0.129375 0.129015 -0.682549
19.4 0.704614 -0.059327 0.0592922 0.159136
19.5 0.707016 0.0113134 -0.0113132 -0.623555
19.6 0.702357 0.0818408 -0.0817495 -0.0204447
19.7 0.690707 0.151552 -0.150972 -1.22259
19.8 0.672236 0.219755 -0.21799 0.306113
19.9 0.647212 0.285781 -0.281906 -1.31796
20 0.615984 0.34899 -0.341949 0.188203
20.1 0.578973 0.408785 -0.397494 0.357683
20.2 0.536651 0.464608 -0.448072 -0.0493156
20.3 0.489534 0.515955 -0.493366 0.327857
20.4 0.43816 0.562373 -0.533195 2.98638
20.5 0.38308 0.603464 -0.567498 -0.85119
20.6 0.324844 0.638884 -0.5963 -0.172039
20.7 0.264 0.668345 -0.619688 -0.576706
20.8 0.201083 0.691615 -0.637782 0.948369
20.9 0.136616 0.70851 -0.650703 -0.286962
21 0.0711114 0.718903 -0.65856 -1.40922
21.1 0.00507078 0.722715 -0.661423 -0.57387
21.2 -0.0610079 0.719916 -0.659322 0.38485
21.3 -0.126627 0.710529 -0.652235 0.516763
21.4 -0.191286 0.694623 -0.640096 0.548598
21.5 -0.254475 0.67232 -0.622803 -0.814291
21.6 -0.315671 0.643794 -0.600234 -1.93453
21.7 -0.374342 0.60927 -0.572269 0.500483
21.8 -0.429942 0.569028 -0.538814 -1.69921
21.9 -0.48192 0.523403 -0.49983 0.123287
22 -0.529725 0.472783 -0.455366 -0.27861
22.1 -0.572816 0.417615 -0.405581 0.810224
22.2 -0.610674 0.358395 -0.350771 0.824211
22.3 -0.642817 0.295671 -0.291381 -0.00103246
22.4 -0.668817 0.230036 -0.228013 0.0555749
22.5 -0.688312 0.162124 -0.161415 0.417833
22.6 -0.701022 0.0925999 -0.0924676 -2.33612
22.7 -0.70676 0.0221522 -0.0221503 -0.147157
22.8 -0.705441 -0.0485168 0.0484977 0.754711
22.9 -0.697084 -0.118701 0.118423 -0.56498
23 -0.681814 -0.187703 0.186603 -0.293222
23.1 -0.659854 -0.254841 0.252092 -0.441088
23.2 -0.631514 -0.319461 0.314055 0.132952
23.3 -0.597183 -0.380944 0.371797 -1.9543
23.4 -0.557313 -0.438713 0.424775 2.02575
23.5 -0.5124 -0.492239 0.4726 -0.83539
23.6 -0.462973 -0.541043 0.51503 1.34263
23.7 -0.409578 -0.584701 0.55195 -0.917563
23.8 -0.352767 -0.622845 0.583348 0.672652
23.9 -0.293091 -0.655159 0.609285 -1.00479
24 -0.231089 -0.681385 0.62987 1.21272
24.1 -0.167291 -0.701317 0.645224 0.578115
24.2 -0.102214 -0.714801 0.655467 2.72641
24.3 -0.0363651 -0.721734 0.660687 0.476732
24.4 0.0297574 -0.722065 0.660936 -0.928556
24.5 0.0956564 -0.71579 0.656214 -0.864711
24.6 0.160833 -0.702957 0.646477 0.962851
24.7 0.224782 -0.683664 0.631638 -0.0557941
24.8 0.286987 -0.658059 0.611583 -0.47992
24.9 0.34692 -0.626343 0.586186 -0.257332
25 0.404042 -0.588769 0.555338 0.376697
25.1 0.457804 -0.545646 0.518971 -1.18985
25.2 0.507652 -0.497339 0.477088 0.68705
25.3 0.553041 -0.444265 0.429794 0.594408
25.4 0.593438 -0.386897 0.377316 1.29055
25.5 0.628344 -0.32576 0.320029 -0.493758
25.6 0.657301 -0.261426 0.258459 0.378294
25.7 0.679915 -0.194511 0.193287 0.124325
25.8 0.695866 -0.125666 0.125335 -0.437046
25.9 0.704921 -0.0555681 0.0555395 0.136238
26 0.706946 0.0150841 -0.0150835 1.18104
26.1 0.701911 0.0855856 -0.0854812 -0.291121
26.2 0.689892 0.155233 -0.154611 -0.2152
26.3 0.671065 0.223337 -0.221485 1.05386
26.4 0.6457 0.289228 -0.285213 -3.02671
26.5 0.614152 0.352271 -0.34503 -1.25178
26.6 0.576845 0.411867 -0.400321 -0.137206
26.7 0.534255 0.467464 -0.450624 1.14341
26.8 0.486897 0.518559 -0.495629 -0.279767
26.9 0.435311 0.564702 -0.535164 1.32796
27 0.380049 0.605499 -0.569172 -1.23473
27.1 0.32166 0.640608 -0.597683 -0.97935
27.2 0.260692 0.669745 -0.620786 -1.1226
27.3 0.197679 0.692678 -0.6386 -0.32428
27.4 0.133144 0.70923 -0.65125 0.492974
27.5 0.0675982 0.719273 -0.658838 0.392828
27.6 0.00154309 0.722733 -0.661437 -0.566758
27.7 -0.0645236 0.719582 -0.65907 0.701496
27.8 -0.130105 0.709844 -0.651715 2.06108
27.9 -0.194698 0.693594 -0.639305 -1.12951
28 -0.257794 0.670954 -0.621734 0.0446395
28.1 -0.318869 0.642102 -0.59888 -1.07007
28.2 -0.37739 0.607266 -0.570624 0.147406
28.3 -0.43281 0.566728 -0.536874 0.671374
28.4 -0.48458 0.520825 -0.497596 0.135156
28.5 -0.532147 0.469952 -0.452843 0.356396
28.6 -0.574971 0.414554 -0.402782 0.068372
28.7 -0.612536 0.355133 -0.347715 -0.198762
28.8 -0.644363 0.292238 -0.288096 -0.970777
28.9 -0.670024 0.226466 -0.224535 -2.08354
29 -0.689163 0.158451 -0.157788 1.22087
29.1 -0.701505 0.0888597 -0.0887428 0.0534051
29.2 -0.706868 0.0183824 -0.0183814 -0.199493
29.3 -0.705172 -0.0522785 0.0522547 0.906146
29.4 -0.696443 -0.122417 0.122112 -2.06421
29.5 -0.68081 -0.191337 0.190171 -2.07844
29.6 -0.6585 -0.258357 0.255492 1.0068
29.7 -0.62983 -0.322825 0.317247 0.885023
29.8 -0.595193 -0.384124 0.374747 0.610573
29.9 -0.555041 -0.441679 0.427458 -0.031021
30 -0.509873 -0.494965 0.475001 -2.09327
30.1 -0.460221 -0.543505 0.517139 0.170273
30.2 -0.40663 -0.586878 0.553764 0.175257
30.3 -0.349652 -0.624718 0.584868 1.03153
30.4 -0.289838 -0.656714 0.610517 -1.63885
30.5 -0.227727 -0.682609 0.630819 0.185668
30.6 -0.163848 -0.7022 0.645899 0.513159
30.7 -0.0987174 -0.715337 0.655872 -1.68057
30.8 -0.032841 -0.721919 0.660826 0.589789
30.9 0.0332821 -0.721897 0.660809 0.321705
31 0.0991552 -0.715271 0.655822 1.15987
31.1 0.164279 -0.702091 0.645815 0.5386
31.2 0.228148 -0.682457 0.630701 0.29041
31.3 0.290245 -0.65652 0.610364 1.9016
31.4 0.350043 -0.624484 0.584679 0.481598
31.5 0.406999 -0.586606 0.553538 0.474631
31.6 0.460566 -0.543197 0.516876 -0.884264
31.7 0.51019 -0.494624 0.474701 1.07629
31.8 0.555326 -0.441309 0.427123 1.35045
31.9 0.595443 -0.383726 0.374378 0.0331337
32 0.630042 -0.322404 0.316848 1.41574
32.1 0.65867 -0.257917 0.255067 -0.779489
32.2 0.680936 -0.190882 0.189725 0.0250631
32.3 0.696524 -0.121953 0.12165 -0.368115
32.4 0.705207 -0.0518077 0.0517845 0.666523
32.5 0.706855 0.0188543 -0.0188532 2.11879
32.6 0.701446 0.089328 -0.0892092 2.18957
32.7 0.689058 0.158911 -0.158243 1.50526
32.8 0.669874 0.226913 -0.224971 -2.04284
32.9 0.64417 0.292668 -0.288508 1.5277
33 0.612304 0.355541 -0.348098 -0.56513
33.1 0.574702 0.414938 -0.403133 -2.3212
33.2 0.531845 0.470307 -0.45316 -1.88635
33.3 0.484248 0.521149 -0.497877 -1.30227
33.4 0.432452 0.567016 -0.537118 0.171015
33.5 0.377009 0.607517 -0.570831 -0.419275
33.6 0.318469 0.642315 -0.599051 -1.41125
33.7 0.257379 0.671126 -0.621868 -1.77446
33.8 0.194271 0.693723 -0.639404 -0.294613
33.9 0.12967 0.709931 -0.651781 0.778414
34 0.0640837 0.719624 -0.659102 0.301545
34.1 -0.00198464 0.722731 -0.661436 -2.38298
34.2 -0.068038 0.719228 -0.658804 -0.556908
34.3 -0.133579 0.709141 -0.651182 -0.594885
34.4 -0.198106 0.692546 -0.638499 0.338469
34.5 -0.261107 0.669571 -0.620649 0.609548
34.6 -0.322059 0.640393 -0.597511 1.31053
34.7 -0.380428 0.605245 -0.568963 -0.6695
34.8 -0.435669 0.564412 -0.534919 -0.237942
34.9 -0.487228 0.518234 -0.495347 1.09993
35 -0.534555 0.467107 -0.450305 -0.733616
35.1 -0.577112 0.411482 -0.399968 -0.209661
35.2 -0.614383 0.351861 -0.344645 0.557104
35.3 -0.64589 0.288797 -0.284799 0.86403
35.4 -0.671212 0.222889 -0.221048 0.898615
35.5 -0.689995 0.154773 -0.154156 0.509222
35.6 -0.701968 0.085117 -0.0850143 0.928843
35.7 -0.706956 0.0146121 -0.0146116 -0.965479
35.8 -0.704883 -0.0560387 0.0560094 2.77599
35.9 -0.695782 -0.12613 0.125796 1.12752
36 -0.679786 -0.194965 0.193732 0.585357
36.1 -0.657128 -0.261865 0.258883 0.377326
36.2 -0.62813 -0.326179 0.320426 0.806914
36.3 -0.593186 -0.387293 0.377683 0.696542
36.4 -0.552754 -0.444634 0.430127 1.17462
36.5 -0.507334 -0.497677 0.477386 0.212059
36.6 -0.457457 -0.545952 0.519232 -0.100981
36.7 -0.403671 -0.589039 0.555562 -1.46545
36.8 -0.346529 -0.626574 0.586373 -0.581364
36.9 -0.286578 -0.658251 0.611734 0.794154
37 -0.22436 -0.683814 0.631754 -1.28719
37.1 -0.160401 -0.703065 0.646559 1.85254
37.2 -0.0952183 -0.715854 0.656262 2.34514
37.3 -0.0293162 -0.722084 0.66095 0.738334
37.4 0.0368061 -0.72171 0.660669 -1.56712
37.5 0.102652 -0.714732 0.655415 -0.140765
37.6 0.167722 -0.701205 0.645139 -0.200789
37.7 0.231509 -0.681231 0.62975 -1.02084
37.8 0.293497 -0.654963 0.60913 0.902408
37.9 0.353157 -0.622609 0.583157 0.460912
38 0.409947 -0.584428 0.551722 -0.158613
38.1 0.463317 -0.540734 0.514765 -0.684128
38.2 0.512716 -0.491896 0.472298 1.40038
38.3 0.557597 -0.438341 0.424438 -0.339579
38.4 0.597432 -0.380545 0.371427 -3.33395
38.5 0.631723 -0.319039 0.313655 0.044892
38.6 0.660022 -0.254401 0.251665 1.02411
38.7 0.681939 -0.187248 0.186156 0.721955
38.8 0.697163 -0.118236 0.117961 0.326725
38.9 0.705473 -0.0480458 0.0480273 -0.185524
39 0.706745 0.022624 -0.022622 0.253487
39.1 0.70096 0.0930678 -0.0929335 -1.22243
39.2 0.688204 0.162583 -0.161868 0.445034
39.3 0.668665 0.230482 -0.228447 -1.89325
39.4 0.642623 0.2961 -0.291792 -0.629443
39.5 0.610439 0.358802 -0.351153 0.88234
39.6 0.572545 0.417997 -0.405931 -0.666669
39.7 0.529421 0.473137 -0.455681 -0.764569
39.8 0.481586 0.523724 -0.500109 0.257303
39.9 0.429582 0.569315 -0.539055 0.00310961
40 0.37396 0.60952 -0.572474 0.847843
40.1 0.31527 0.644005 -0.600403 0.785674
40.2 0.254059 0.67249 -0.622936 1.12743
40.3 0.190859 0.69475 -0.640194 0.772014
40.4 0.126192 0.710613 -0.652299 -0.68244
40.5 0.0605677 0.719957 -0.659352 1.29299
40.6 -0.00551232 0.722711 -0.661421 -0.227995
40.7 -0.071551 0.718856 -0.658524 -1.64477
40.8 -0.137051 0.708419 -0.650634 1.20854
40.9 -0.201509 0.69148 -0.637678 -0.190537
41 -0.264414 0.668169 -0.61955 0.262718
41.1 -0.325242 0.638667 -0.596126 -0.104466
41.2 -0.383459 0.603208 -0.567287 -1.06518
41.3 -0.438516 0.56208 -0.532948 -0.401801
41.4 -0.489864 0.515628 -0.493081 -1.69532
41.5 -0.53695 0.46425 -0.447752 1.59977
41.6 -0.579238 0.408398 -0.39714 1.51169
41.7 -0.616213 0.348579 -0.341563 -0.504585
41.8 -0.6474 0.285348 -0.281492 -0.435337
41.9 -0.672382 0.219306 -0.217552 -2.10231
42 -0.690808 0.151091 -0.150516 -1.08541
42.1 -0.702412 0.0813719 -0.0812822 -1.07486
42.2 -0.707024 0.0108414 -0.0108412 0.307094
42.3 -0.704575 -0.0597973 0.0597617 -2.31582
42.4 -0.695101 -0.129839 0.129475 1.26513
42.5 -0.678743 -0.198588 0.197285 0.376777
42.6 -0.655739 -0.265366 0.262263 1.89566
42.7 -0.626412 -0.329525 0.323594 0.13191
42.8 -0.591164 -0.390451 0.380606 2.24669
42.9 -0.550453 -0.447576 0.432781 2.31567
43 -0.504781 -0.500376 0.479756 0.942895
43.1 -0.454682 -0.548384 0.521309 0.553702
43.2 -0.400704 -0.591184 0.557344 -0.315223
43.3 -0.343397 -0.628414 0.587863 -0.216507
43.4 -0.283313 -0.65977 0.612935 -0.250893
43.5 -0.220988 -0.685002 0.632675 -1.01157
43.6 -0.156951 -0.703911 0.647204 -0.821841
43.7 -0.0917172 -0.716352 0.656638 0.445488
43.8 -0.0257908 -0.722231 0.661061 -0.909836
43.9 0.0403294 -0.721504 0.660515 0.403391
44 0.106146 -0.714176 0.654995 -0.84566
44.1 0.171161 -0.700301 0.644448 1.0988
44.2 0.234865 -0.679987 0.628783 -0.080576
44.3 0.296743 -0.653389 0.607881 0.785138
44.4 0.356263 -0.620717 0.581619 1.71469
44.5 0.412884 -0.582233 0.549891 0.756552
44.6 0.466057 -0.538255 0.512639 0.111556
44.7 0.515228 -0.489155 0.46988 1.21547
44.8 0.559853 -0.435361 0.421738 -2.06551
44.9 0.599405 -0.377354 0.368462 1.17186
45 0.633388 -0.315666 0.310449 -0.146895
45.1 0.661355 -0.250877 0.248253 0.12337
45.2 0.682922 -0.183608 0.182578 -1.61449
45.3 0.697782 -0.114516 0.114266 -0.286294
45.4 0.705719 -0.0442826 0.0442681 -0.0726515
45.5 0.706614 0.026393 -0.0263899 0.123762
45.6 0.700454 0.096805 -0.0966539 0.322806
45.7 0.687331 0.166252 -0.165487 -0.0140134
45.8 0.667437 0.234045 -0.231915 1.1196
45.9 0.641058 0.299523 -0.295064 0.583877
46 0.608558 0.362053 -0.354195 -0.051166
46.1 0.570373 0.421045 -0.408714 0.533302
46.2 0.526984 0.475954 -0.458187 -0.032917
46.3 0.478913 0.526286 -0.502325 -0.835281
46.4 0.426702 0.571599 -0.540977 0.441129
46.5 0.370902 0.611506 -0.574102 1.38985
46.6 0.312065 0.645678 -0.60174 -0.154473
46.7 0.250734 0.673836 -0.623988 -1.39386
46.8 0.187443 0.695759 -0.640968 -0.674321
46.9 0.122712 0.711277 -0.652801 -0.396167
47 0.0570505 0.720271 -0.659588 -0.083058
47.1 -0.00903989 0.722673 -0.661392 0.046618
47.2 -0.0750624 0.718465 -0.65823 -1.98696
47.3 -0.140519 0.707679 -0.650072 0.123416
47.4 -0.204908 0.690397 -0.636843 1.07382
47.5 -0.267715 0.66675 -0.618435 -0.720758
47.6 -0.328418 0.636924 -0.594725 -0.650909
47.7 -0.38648 0.601154 -0.565595 -0.0893116
47.8 -0.441353 0.559734 -0.530961 0.109105
47.9 -0.492487 0.513008 -0.490801 -1.11313
48 -0.539332 0.461379 -0.445184 0.493426
48.1 -0.581348 0.405303 -0.394297 0.999229
48.2 -0.618026 0.345288 -0.338467 -0.735086
48.3 -0.648893 0.281892 -0.278173 0.178254
48.4 -0.673533 0.215717 -0.214048 -0.797693
48.5 -0.691601 0.147404 -0.146871 1.00644
48.6 -0.702835 0.0776245 -0.0775466 -0.805476
48.7 -0.707071 0.00707045 -0.00707039 -0.985007
48.8 -0.704246 -0.0635543 0.0635115 0.321356
48.9 -0.694401 -0.133545 0.133148 1.63733
49 -0.677681 -0.202205 0.20083 -0.54036
49.1 -0.654331 -0.26886 0.265632 0.865994
49.2 -0.624678 -0.332861 0.326749 -0.782072
49.3 -0.589126 -0.393599 0.383514 -0.272213
49.4 -0.548137 -0.450505 0.43542 -0.128815
49.5 -0.502216 -0.503062 0.48211 -1.10247
49.6 -0.451896 -0.550802 0.523371 0.293684
49.7 -0.397726 -0.593313 0.559111 -1.36937
49.8 -0.340258 -0.630237 0.589336 -1.42313
49.9 -0.28004 -0.661273 0.614122 0.503652
50 -0.217611 -0.686172 0.63358 0.51635
50.1 -0.153498 -0.704739 0.647835 -0.105787
50.2 -0.0882141 -0.716832 0.657 -0.245541
50.3 -0.0222648 -0.72236 0.661157 0.0793005
50.4 0.0438517 -0.72128 0.660346 -1.19389
50.5 0.109639 -0.7136 0.65456 0.313147
50.6 0.174596 -0.699379 0.643743 0.619649
50.7 0.238216 -0.678726 0.627802 -0.884878
50.8 0.299982 -0.651798 0.606617 0.916236
50.9 0.359361 -0.618809 0.580065 -0.697781
51 0.415812 -0.580023 0.548043 0.925436
51.1 0.468785 -0.535762 0.510497 0.0698565
51.2 0.517728 -0.486401 0.467447 -0.346704
51.3 0.562095 -0.432369 0.419023 -0.0234008
51.4 0.601362 -0.374152 0.365483 0.485017
51.5 0.635035 -0.312283 0.307232 0.838986
51.6 0.66267 -0.247346 0.244832 -0.294285
51.7 0.683886 -0.179963 0.178993 0.763373
51.8 0.698382 -0.110793 0.110566 -1.33518
51.9 0.705945 -0.0405181 0.040507 -1.55085
52 0.706463 0.0301613 -0.0301567 1.3044
52.1 0.699929 0.100539 -0.10037 -2.17848
52.2 0.686439 0.169915 -0.169099 -0.20481
52.3 0.666191 0.237602 -0.235373 -0.613585
52.4 0.639475 0.302938 -0.298325 -0.49215
52.5 0.606661 0.365294 -0.357223 2.06267
52.6 0.568185 0.424081 -0.411483 0.630286
52.7 0.524534 0.478758 -0.460677 0.930166
52.8 0.476228 0.528833 -0.504526 1.56625
52.9 0.423812 0.573867 -0.542883 -0.672252
53 0.367836 0.613476 -0.575713 0.64262
53.1 0.308852 0.647334 -0.603062 1.16528
53.2 0.247403 0.675165 -0.625026 -0.385974
53.3 0.184022 0.69675 -0.641728 -1.46888
53.4 0.119229 0.711922 -0.65329 -0.581394
53.5 0.053532 0.720565 -0.65981 -0.0310256
53.6 -0.0125673 0.722615 -0.661348 -0.202662
53.7 -0.0785722 0.718055 -0.657921 0.873273
53.8 -0.143985 0.70692 -0.649495 1.20558
53.9 -0.208302 0.689295 -0.635993 1.55066
54 -0.271011 0.665313 -0.617306 1.07806
54.1 -0.331586 0.635164 -0.593309 -1.17572
54.2 -0.389492 0.599085 -0.563887 2.36668
54.3 -0.44418 0.557372 -0.528958 0.0590415
54.4 -0.495099 0.510375 -0.488504 -0.388758
54.5 -0.541699 0.458497 -0.442601 0.290389
54.6 -0.583444 0.402197 -0.391441 1.93205
54.7 -0.619823 0.341987 -0.335359 -0.262442
54.8 -0.650368 0.278427 -0.274843 1.19981
54.9 -0.674665 0.212122 -0.210534 1.72964
55 -0.692374 0.143713 -0.143219 0.179088
55.1 -0.703239 0.0738749 -0.0738078 -0.0181074
55.2 -0.707099 0.00329925 -0.00329925 -0.314195
55.3 -0.703897 -0.0673094 0.0672586 1.48244
55.4 -0.693681 -0.137246 0.136816 1.8653
55.5 -0.676601 -0.205817 0.204367 1.28038
55.6 -0.652905 -0.272346 0.268992 -0.804154
55.7 -0.622927 -0.336188 0.329891 -1.06059
55.8 -0.587073 -0.396735 0.386409 0.418299
55.9 -0.545808 -0.453422 0.438045 0.0571208
56 -0.499639 -0.505733 0.484449 1.11593
56.1 -0.4491 -0.553205 0.525416 -1.21106
56.2 -0.39474 -0.595426 0.560862 0.53571
56.3 -0.337111 -0.632044 0.590795 -0.389734
56.4 -0.276762 -0.662758 0.615293 0.261339
56.5 -0.21423 -0.687323 0.63447 -0.831957
56.6 -0.150041 -0.705548 0.648451 -0.96505
56.7 -0.0847091 -0.717293 0.657347 0.761566
56.8 -0.0187383 -0.722469 0.661239 -1.50196
56.9 0.0473732 -0.721036 0.660163 -1.17567
57 0.113128 -0.713006 0.654111 -0.976984
57.1 0.178027 -0.698439 0.643023 -0.557825
57.2 0.241562 -0.677446 0.626805 -0.675642
57.3 0.303213 -0.650189 0.605337 -0.17658
57.4 0.36245 -0.616884 0.578496 -2.11701
57.5 0.41873 -0.577798 0.546181 0.521262
57.6 0.471502 -0.533255 0.508339 0.198383
57.7 0.520215 -0.483633 0.464998 0.184467
57.8 0.564323 -0.429365 0.416294 0.841466
57.9 0.603303 -0.370939 0.362491 -0.167686
58 0.636665 -0.308892 0.304003 -0.0557992
58.1 0.663966 -0.243808 0.2414 2.52209
58.2 0.684831 -0.176313 0.175401 -0.498551
58.3 0.698962 -0.107066 0.106862 -0.198218
58.4 0.706151 -0.0367524 0.0367441 -0.632627
58.5 0.706292 0.0339287 -0.0339222 -0.327694
58.6 0.699384 0.104271 -0.104082 0.337112
58.7 0.685527 0.173574 -0.172703 -0.687724
58.8 0.664926 0.241152 -0.238821 -1.79785
58.9 0.637875 0.306344 -0.301575 -1.72934
59 0.604748 0.368524 -0.360239 -0.274135
59.1 0.565983 0.427106 -0.414238 1.405
59.2 0.52207 0.481549 -0.463153 1.19377
59.3 0.473531 0.531365 -0.506711 0.0864979
59.4 0.420911 0.576119 -0.544774 -0.876912
59.5 0.364761 0.61543 -0.57731 -1.65052
59.6 0.305632 0.648972 -0.604368 -0.094698
59.7 0.244067 0.676475 -0.626048 -1.81128
59.8 0.180597 0.697722 -0.642474 -0.0981409
59.9 0.115743 0.712549 -0.653764 -0.857063
60 0.0500124 0.720842 -0.660017 -0.568321
60.1 -0.0160944 0.722539 -0.661291 -0.350981
60.2 -0.0820803 0.717627 -0.657599 0.179441
60.3 -0.147447 0.706143 -0.648904 0.950581
60.4 -0.211692 0.688175 -0.635128 -0.299194
60.5 -0.2743 0.663859 -0.616161 -1.17428
60.6 -0.334747 0.633387 -0.591878 -0.441761
60.7 -0.392495 0.597 -0.562164 -0.0245254
60.8 -0.446996 0.554996 -0.52694 -0.820675
60.9 -0.497698 0.507727 -0.486192 0.91169
61 -0.544053 0.455601 -0.440002 0.330015
61.1 -0.585524 0.39908 -0.38857 -0.56218
61.2 -0.621603 0.338676 -0.332239 -0.423666
61.3 -0.651825 0.274954 -0.271503 1.81627
61.4 -0.675779 0.20852 -0.207012 1.08967
61.5 -0.693128 0.140019 -0.139562 0.651638
61.6 -0.703623 0.0701232 -0.0700658 1.32278
61.7 -0.707107 -0.000472039 0.000472039 -0.84139
61.8 -0.703528 -0.0710626 0.0710028 0.192927
61.9 -0.692941 -0.140944 0.140478 -1.01703
62 -0.675502 -0.209422 0.207895 0.918651
62.1 -0.651462 -0.275824 0.27234 -0.655086
62.2 -0.621159 -0.339506 0.333021 -0.471661
62.3 -0.585005 -0.399861 0.38929 0.95328
62.4 -0.543465 -0.456327 0.440654 0.0123646
62.5 -0.497049 -0.508391 0.486773 1.20571
62.6 -0.446292 -0.555592 0.527447 1.08076
62.7 -0.391744 -0.597523 0.562597 -1.54337
62.8 -0.333956 -0.633833 0.592238 1.1414
62.9 -0.273477 -0.664225 0.616449 -1.48924
63 -0.210844 -0.688457 0.635346 -0.181605
63.1 -0.146581 -0.706339 0.649053 0.058526
63.2 -0.0812023 -0.717736 0.657681 0.213341
63.3 -0.0152115 -0.722559 0.661307 -0.169654
63.4 0.0508936 -0.720774 0.659967 1.68573
63.5 0.116616 -0.712393 0.653647 0.980442
63.6 0.181455 -0.69748 0.642289 1.19352
63.7 0.244902 -0.676149 0.625794 -1.10286
63.8 0.306439 -0.648564 0.604042 0.653525
63.9 0.365532 -0.614943 0.576912 -0.657836
64 0.421638 -0.575557 0.544302 0.192027
64.1 0.474208 -0.530733 0.506165 -0.142583
64.2 0.522688 -0.480852 0.462534 -0.436986
64.3 0.566536 -0.42635 0.41355 -0.280111
64.4 0.605228 -0.367716 0.359485 -0.466518
64.5 0.638278 -0.305492 0.300762 -0.434549
64.6 0.665245 -0.240264 0.237959 -2.32527
64.7 0.685757 -0.172658 0.171802 -0.856923
64.8 0.699522 -0.103337 0.103153 0.621029
64.9 0.706337 -0.0329857 0.0329797 -1.67376
65 0.706101 0.0376952 -0.0376862 -0.362159
65.1 0.698819 0.108 -0.10779 -0.0523277
65.2 0.684597 0.177227 -0.176301 -0.887971
65.3 0.663644 0.244694 -0.24226 1.00616
65.4 0.636258 0.309742 -0.304813 0.731897
65.5 0.602819 0.371744 -0.363241 1.1174
65.6 0.563767 0.430118 -0.416978 -1.27971
65.7 0.519593 0.484327 -0.465613 -0.118073
65.8 0.470823 0.533884 -0.50888 -0.324867
65.9 0.418001 0.578356 -0.546648 0.958718
66 0.361678 0.617367 -0.57889 0.535027
66.1 0.302405 0.650594 -0.605659 -0.787599
66.2 0.240725 0.677768 -0.627056 -0.34811
66.3 0.177169 0.698676 -0.643205 0.728428
66.4 0.112255 0.713157 -0.654224 0.218524
66.5 0.0464917 0.721099 -0.66021 -0.139636
66.6 -0.0196211 0.722443 -0.66122 1.59379
66.7 -0.0855867 0.71718 -0.657262 -0.0646053
66.8 -0.150907 0.705347 -0.648298 0.219804
66.9 -0.215077 0.687037 -0.634249 2.09323
67 -0.277583 0.662388 -0.615001 0.539911
67.1 -0.3379 0.631593 -0.590431 1.08009
67.2 -0.395488 0.594898 -0.560425 -0.583234
67.3 -0.449801 0.552604 -0.524906 -1.07571
67.4 -0.500285 0.505066 -0.483865 -1.61631
67.5 -0.546392 0.452693 -0.437389 0.327161
67.6 -0.587589 0.395951 -0.385686 -0.9136
67.7 -0.623367 0.335356 -0.329106 -0.265739
67.8 -0.653264 0.271474 -0.268152 2.07064
67.9 -0.676873 0.204913 -0.203482 1.21216
68 -0.693863 0.13632 -0.135898 0.743489
68.1 -0.703986 0.0663695 -0.0663208 1.95515
68.2 -0.707094 -0.00424332 0.0042433 0.723708
68.3 -0.70314 -0.0748138 0.074744 0.964223
68.4 -0.692182 -0.144638 0.144134 0.868751
68.5 -0.674383 -0.213022 0.211415 0.330437
68.6 -0.65 -0.279295 0.275678 -1.15107
68.7 -0.619375 -0.342814 0.336139 -0.434878
68.8 -0.582921 -0.402975 0.392157 0.290269
68.9 -0.541108 -0.459219 0.443249 1.28223
69 -0.494446 -0.511035 0.489081 -1.8141
69.1 -0.443473 -0.557965 0.529461 0.141541
69.2 -0.388738 -0.599605 0.564316 -1.59891
69.3 -0.330794 -0.635606 0.593665 1.324
69.4 -0.270186 -0.665675 0.61759 -0.0905502
69.5 -0.207453 -0.689572 0.636207 -0.626427
69.6 -0.143118 -0.707112 0.649641 -0.113618
69.7 -0.0776937 -0.718159 0.658 0.28978
69.8 -0.0116843 -0.722631 0.66136 0.249343
69.9 0.0544129 -0.720493 0.659756 -1.13322
70 0.120101 -0.711762 0.653169 -0.372717
70.1 0.184879 -0.696504 0.64154 0.537558
70.2 0.248237 -0.674834 0.624768 1.57231
70.3 0.309657 -0.646921 0.602732 0.936861
70.4 0.368604 -0.612985 0.575311 0.17246
70.5 0.424536 -0.5733 0.542408 -0.403438
70.6 0.476901 -0.528196 0.503976 -0.114906
70.7 0.525148 -0.478057 0.460055 0.417334
70.8 0.568734 -0.423322 0.410792 0.36801
70.9 0.607138 -0.364483 0.356467 0.148843
71 0.639873 -0.302084 0.29751 -1.97232
71.1 0.666505 -0.236712 0.234508 -1.42881
71.2 0.686664 -0.168998 0.168195 0.516812
71.3 0.700062 -0.0996048 0.0994402 0.335798
71.4 0.706503 -0.029218 0.0292139 -0.143215
71.5 0.70589 0.0414605 -0.0414487 0.0214214
71.6 0.698234 0.111725 -0.111493 -0.638116
71.7 0.683647 0.180876 -0.179892 -0.90542
71.8 0.662342 0.248231 -0.245689 0.237711
71.9 0.634624 0.313131 -0.308039 1.40935
72 0.600873 0.374954 -0.36623 -0.174333
72.1 0.561535 0.433119 -0.419704 -0.464565
72.2 0.517103 0.487091 -0.468058 -0.217092
72.3 0.468103 0.536388 -0.511034 1.44272
72.4 0.41508 0.580578 -0.548507 0.238179
72.5 0.358586 0.619288 -0.580456 0.0538437
72.6 0.299171 0.652198 -0.606935 0.381114
72.7 0.237378 0.679043 -0.628049 -0.437548
72.8 0.173736 0.699612 -0.643921 -1.55142
72.9 0.108765 0.713746 -0.65467 0.297149
73 0.04297 0.721337 -0.66039 -0.548585
73.1 -0.0231475 0.722329 -0.661134 -0.524196
73.2 -0.0890912 0.716714 -0.656911 -0.71457
73.3 -0.154363 0.704533 -0.647678 0.160804
73.4 -0.218457 0.68588 -0.633355 0.666915
73.5 -0.28086 0.660898 -0.613826 0.151692
73.6 -0.341045 0.629782 -0.588969 -0.305855
73.7 -0.398472 0.592781 -0.55867 -0.67841
73.8 -0.452595 0.550198 -0.522856 -0.953336
73.9 -0.50286 0.502391 -0.481522 -0.894688
74 -0.548718 0.449773 -0.434761 2.16568
74.1 -0.589638 0.392812 -0.382788 0.0147425
74.2 -0.625114 0.332027 -0.32596 -0.59776
74.3 -0.654685 0.267986 -0.26479 -0.0706864
74.4 -0.677949 0.2013 -0.199943 0.532912
74.5 -0.694578 0.132617 -0.132229 -1.04516
74.6 -0.70433 0.0626139 -0.062573 -2.17307
74.7 -0.707061 -0.00801447 0.00801439 1.61559
74.8 -0.702731 -0.0785628 0.0784821 -0.422758
74.9 -0.691404 -0.148327 0.147784 -0.201521
75 -0.673246 -0.216616 0.214926 0.538368
75.1 -0.648521 -0.282758 0.279005 -0.430559
75.2 -0.617574 -0.346113 0.339244 1.2798
75.3 -0.580821 -0.406079 0.39501 0.334318
75.4 -0.538737 -0.462099 0.445828 -0.785687
75.5 -0.491832 -0.513666 0.491373 -0.352835
75.6 -0.440644 -0.560323 0.53146 -0.0666331
75.7 -0.385724 -0.60167 0.56602 1.4379
75.8 -0.327624 -0.637362 0.595077 0.530758
75.9 -0.266889 -0.667107 0.618716 -1.04444
76 -0.204057 -0.69067 0.637053 0.370196
76.1 -0.139651 -0.707866 0.650214 -0.171787
76.2 -0.0741835 -0.718564 0.658305 -1.79501
76.3 -0.00815684 -0.722684 0.6614 -0.283982
76.4 0.0579311 -0.720194 0.65953 1.74177
76.5 0.123583 -0.711112 0.652677 -0.404554
76.6 0.188298 -0.695508 0.640776 -0.96029
76.7 0.251567 -0.673501 0.623726 -1.16381
76.8 0.312868 -0.645261 0.601407 -1.1888
76.9 0.371668 -0.611011 0.573696 1.41942
77 0.427424 -0.571028 0.540498 -0.0917878
77.1 0.479583 -0.525646 0.501772 0.421555
77.2 0.527595 -0.47525 0.457561 1.4091
77.3 0.570918 -0.420283 0.408019 0.198113
77.4 0.609031 -0.36124 0.353435 -2.73766
77.5 0.641451 -0.298667 0.294246 -0.259974
77.6 0.667746 -0.233154 0.231047 -1.27498
77.7 0.687551 -0.165334 0.164582 0.151505
77.8 0.700583 -0.0958697 0.0957229 0.228084
77.9 0.706649 -0.0254496 0.0254468 0.394435
78 0.705659 0.0452248 -0.0452093 -0.140412
78.1 0.697629 0.115448 -0.115191 0.539147
78.2 0.682678 0.18452 -0.183475 -0.0232985
78.3 0.661023 0.25176 -0.249108 0.855406
78.4 0.632973 0.316511 -0.311253 -0.726673
78.5 0.598912 0.378154 -0.369205 -2.29329
78.6 0.55929 0.436108 -0.422415 -0.22222
78.7 0.514601 0.489843 -0.470487 -0.283059
78.8 0.465372 0.538877 -0.513172 1.73868
78.9 0.41215 0.582784 -0.550351 -0.262945
79 0.355486 0.621192 -0.582005 1.86865
79.1 0.295931 0.653785 -0.608195 0.322324
79.2 0.234026 0.6803 -0.629026 0.0646072
79.3 0.1703 0.700529 -0.644623 -0.382684
79.4 0.105272 0.714317 -0.655101 0.155333
79.5 0.0394475 0.721557 -0.660555 -0.12519
79.6 -0.0266733 0.722196 -0.661034 1.69177
79.7 -0.0925938 0.716229 -0.656545 0.277097
79.8 -0.157815 0.703701 -0.647044 0.138908
79.9 -0.221833 0.684706 -0.632446 0.415427
80 -0.284131 0.659392 -0.612636 0.953176
80.1 -0.344182 0.627955 -0.587491 0.061527
80.2 -0.401447 0.590648 -0.556899 1.77555
80.3 -0.455378 0.547777 -0.520791 0.873718
80.4 -0.505421 0.499702 -0.479164 1.05262
80.5 -0.55103 0.44684 -0.432118 -0.2455
80.6 -0.591672 0.389662 -0.379875 0.0147911
80.7 -0.626844 0.328688 -0.322802 0.612002
80.8 -0.656088 0.26449 -0.261418 0.0382259
80.9 -0.679006 0.197682 -0.196397 -0.00540024
81 -0.695273 0.128911 -0.128554 -0.283812
81.1 -0.704654 0.0588566 -0.0588226 0.219912
81.2 -0.707009 -0.0117854 0.0117851 -0.364641
81.3 -0.702303 -0.0823097 0.0822168 0.745943
81.4 -0.690606 -0.152013 0.151428 -1.61652
81.5 -0.672091 -0.220204 0.218428 -1.4076
81.6 -0.647024 -0.286213 0.282321 -1.06187
81.7 -0.615756 -0.349402 0.342336 0.0224903
81.8 -0.578707 -0.409171 0.397849 -1.45869
81.9 -0.536352 -0.464966 0.448392 0.75776
82 -0.489205 -0.516282 0.49365 0.219866
82.1 -0.437804 -0.562665 0.533443 -0.143025
82.2 -0.382701 -0.603719 0.567708 -0.648896
82.3 -0.324446 -0.6391 0.596474 0.822835
82.4 -0.263587 -0.668522 0.619826 -0.7492
82.5 -0.200657 -0.691749 0.637885 -0.0737908
82.6 -0.136182 -0.708602 0.650773 0.631645
82.7 -0.0706717 -0.718951 0.658595 -0.00660159
82.8 -0.00462924 -0.722718 0.661426 -0.546253
82.9 0.061448 -0.719875 0.659291 0.525564
83 0.127063 -0.710444 0.65217 1.05898
83.1 0.191714 -0.694495 0.639997 -0.377869
83.2 0.25489 -0.67215 0.62267 0.789986
83.3 0.316072 -0.643583 0.600066 -0.392974
83.4 0.374724 -0.60902 0.572064 -0.645777
83.5 0.430302 -0.568741 0.538572 -2.10924
83.6 0.482254 -0.523081 0.499551 -1.30499
83.7 0.530029 -0.47243 0.455051 -0.203972
83.8 0.573086 -0.417232 0.405232 1.30405
83.9 0.610908 -0.357987 0.350389 -0.0269919
84 0.643012 -0.295241 0.290971 -0.564463
84.1 0.668969 -0.229589 0.227578 0.917535
84.2 0.68842 -0.161664 0.160961 0.0110188
84.3 0.701083 -0.0921319 0.0920016 0.643614
84.4 0.706774 -0.0216803 0.0216786 -0.865121
84.5 0.705408 0.0489877 -0.0489681 -0.211531
84.6 0.697005 0.119167 -0.118885 0.151638
84.7 0.68169 0.188158 -0.18705 -0.45877
84.8 0.659685 0.255282 -0.252518 -0.666573
84.9 0.631304 0.319883 -0.314455 1.12053
85 0.596935 0.381343 -0.372167 -1.01494
85.1 0.55703 0.439085 -0.425111 1.6639
85.2 0.512085 0.492581 -0.472901 -0.858619
85.3 0.462629 0.541352 -0.515295 1.02717
85.4 0.40921 0.584974 -0.552178 -0.390324
85.5 0.352378 0.62308 -0.583539 1.08885
85.6 0.292684 0.655355 -0.60944 -0.699398
85.7 0.230668 0.681539 -0.629989 -1.44476
85.8 0.16686 0.701429 -0.64531 -0.662852
85.9 0.101777 0.714869 -0.655518 -0.955753
86 0.035924 0.721758 -0.660706 -0.676634
86.1 -0.0301986 0.722045 -0.660921 1.99298
86.2 -0.0960944 0.715726 -0.656166 0.0098929
86.3 -0.161265 0.70285 -0.646395 1.81582
86.4 -0.225203 0.683514 -0.631522 -1.60486
86.5 -0.287395 0.657868 -0.611431 -0.841743
86.6 -0.347311 0.626111 -0.585998 0.316765
86.7 -0.404413 0.588499 -0.555113 -2.7438
86.8 -0.45815 0.545341 -0.518709 -0.199448
86.9 -0.507971 0.497 -0.47679 -0.50578
87 -0.553328 0.443895 -0.42946 0.105126
87.1 -0.59369 0.386501 -0.376949 1.35225
87.2 -0.628557 0.32534 -0.319631 -0.0228773
87.3 -0.657473 0.260988 -0.258035 0.580591
87.4 -0.680044 0.194057 -0.192842 -0.65267
87.5 -0.695949 0.125201 -0.124874 0.956036
87.6 -0.704957 0.0550975 -0.0550697 0.782205
87.7 -0.706936 -0.015556 0.0155554 -0.456509
87.8 -0.701854 -0.0860542 0.085948 3.22348
87.9 -0.689789 -0.155694 0.155066 -0.904991
88 -0.670917 -0.223785 0.221922 -0.263897
88.1 -0.645509 -0.289659 0.285626 -1.52841
88.2 -0.613922 -0.352681 0.345415 1.96621
88.3 -0.576578 -0.412252 0.400673 -2.97542
88.4 -0.533954 -0.46782 0.450942 0.028219
88.5 -0.486566 -0.518884 0.495911 -0.03807
88.6 -0.434954 -0.564993 0.53541 1.6713
88.7 -0.379669 -0.605752 0.569381 -1.50675
88.8 -0.321261 -0.640822 0.597855 0.0764228
88.9 -0.260278 -0.669919 0.620922 -0.468975
89 -0.197253 -0.69281 0.638702 -0.846085
89.1 -0.13271 -0.709319 0.651317 -1.42036
89.2 -0.0671584 -0.719318 0.658872 -0.549475
89.3 -0.00110154 -0.722733 0.661437 1.04476
89.4 0.0649636 -0.719538 0.659038 1.12538
89.5 0.13054 -0.709757 0.651649 -2.20087
89.6 0.195125 -0.693463 0.639204 -1.00125
89.7 0.258209 -0.670782 0.621599 -1.07352
89.8 0.319269 -0.641889 0.59871 0.348499
89.9 0.37777 -0.607014 0.570417 -0.413206
90 0.433169 -0.566438 0.53663 0.94598
90.1 0.484912 -0.520502 0.497315 0.388433
90.2 0.532449 -0.469596 0.452526 -0.799431
90.3 0.57524 -0.41417 0.40243 -0.313879
90.4 0.612768 -0.354724 0.347331 0.872169
90.5 0.644555 -0.291808 0.287684 0.280283
90.6 0.670174 -0.226018 0.224099 1.15889
90.7 0.689268 -0.157991 0.157334 0.287985
90.8 0.701564 -0.0883914 0.0882763 1.12065
90.9 0.70688 -0.0179105 0.0179096 -0.0676201
91 0.705137 0.0527492 -0.0527248 0.125086
91.1 0.696361 0.122882 -0.122573 -0.0499115
91.2 0.680683 0.191791 -0.190618 -0.785177
91.3 0.658329 0.258796 -0.255917 -0.15222
91.4 0.629618 0.323245 -0.317645 -0.344489
91.5 0.594942 0.384521 -0.375115 0.85721
91.6 0.554755 0.44205 -0.427793 0.42997
91.7 0.509556 0.495305 -0.4753 -0.838291
91.8 0.459876 0.543812 -0.517402 -0.703973
91.9 0.40626 0.587149 -0.55399 -0.276051
92 0.349262 0.624951 -0.585058 0.830108
92.1 0.28943 0.656907 -0.61067 -0.669318
92.2 0.227306 0.682761 -0.630937 3.13439
92.3 0.163417 0.702309 -0.645982 -0.95312
92.4 0.0982796 0.715402 -0.655921 -1.28865
92.5 0.0323998 0.72194 -0.660842 -0.257206
92.6 -0.0337233 0.721874 -0.660793 1.32422
92.7 -0.099593 0.715204 -0.655772 1.42196
92.8 -0.16471 0.701981 -0.645731 -0.0606077
92.9 -0.228569 0.682304 -0.630583 -0.70634
93 -0.290653 0.656326 -0.61021 -0.554529
93.1 -0.350433 0.62425 -0.584489 0.32946
93.2 -0.407369 0.586334 -0.553311 -0.264519
93.3 -0.460911 0.54289 -0.516612 -0.630499
93.4 -0.510507 0.494284 -0.474401 -0.46379
93.5 -0.555611 0.440938 -0.426788 -0.71918
93.6 -0.595692 0.383329 -0.37401 -0.947806
93.7 -0.630253 0.321984 -0.316449 0.877254
93.8 -0.658841 0.257477 -0.254642 -2.08405
93.9 -0.681063 0.190428 -0.189279 -0.479867
94 -0.696605 0.121488 -0.121189 -0.580632
94.1 -0.705241 0.0513369 -0.0513144 -0.182683
94.2 -0.706843 -0.0193261 0.0193249 1.19494
94.3 -0.701386 -0.0897962 0.0896756 0.915198
94.4 -0.688952 -0.159371 0.158697 -0.628837
94.5 -0.669724 -0.22736 0.225406 0.459657
94.6 -0.643977 -0.293098 0.28892 -3.05847
94.7 -0.612072 -0.35595 0.348481 0.977218
94.8 -0.574433 -0.415321 0.403484 1.7671
94.9 -0.531542 -0.470662 0.453476 0.590227
95 -0.483915 -0.521472 0.498157 0.610613
95.1 -0.432093 -0.567305 0.537361 0.850188
95.2 -0.376627 -0.607769 0.571037 -0.0582205
95.3 -0.318069 -0.642527 0.599221 -0.32096
95.4 -0.256963 -0.671298 0.622003 -0.527336
95.5 -0.193845 -0.693853 0.639504 0.0095185
95.6 -0.129234 -0.710017 0.651847 -0.984245
95.7 -0.0636436 -0.719667 0.659134 0.403906
95.8 0.00242619 -0.72273 0.661435 1.87726
95.9 0.0684778 -0.719182 0.65877 1.14789
96 0.134014 -0.709052 0.651114 0.203039
96.1 0.198532 -0.692414 0.638397 -0.761334
96.2 0.261521 -0.669396 0.620512 0.466413
96.3 0.322458 -0.640178 0.597338 -0.143517
96.4 0.380808 -0.604991 0.568754 -0.741359
96.5 0.436026 -0.564121 0.534673 -0.98784
96.6 0.487558 -0.517908 0.495064 0.435471
96.7 0.534856 -0.46675 0.449986 1.50618
96.8 0.577379 -0.411096 0.399615 0.606584
96.9 0.614613 -0.351451 0.34426 0.826156
97 0.64608 -0.288366 0.284386 -0.9389
97.1 0.67136 -0.222441 0.220611 0.787866
97.2 0.690098 -0.154312 0.153701 1.10671
97.3 0.702025 -0.0846484 0.0845474 -1.08117
97.4 0.706965 -0.0141402 0.0141397 0.192277
97.5 0.704846 0.0565092 -0.0564792 -0.0218458
97.6 0.695698 0.126595 -0.126257 1.12369
97.7 0.679656 0.195419 -0.194177 -1.05865
97.8 0.656955 0.262304 -0.259306 0.216372
97.9 0.627916 0.326599 -0.320823 0.124798
98 0.592934 0.387689 -0.37805 0.863381
98.1 0.552466 0.445003 -0.43046 -0.239313
98.2 0.507015 0.498016 -0.477683 0.296892
98.3 0.45711 0.546257 -0.519493 -0.74022
98.4 0.4033 0.589308 -0.555786 -0.996565
98.5 0.346137 0.626805 -0.58656 -0.568252
98.6 0.28617 0.658442 -0.611885 -0.162643
98.7 0.223938 0.683964 -0.63187 0.463786
98.8 0.15997 0.703172 -0.64664 0.798468
98.9 0.0947802 0.715917 -0.65631 1.68048
99 0.028875 0.722104 -0.660965 0.0447161
99.1 -0.0372472 0.721685 -0.660651 -0.675291
99.2 -0.103089 0.714664 -0.655363 -0.601393
99.3 -0.168152 0.701093 -0.645053 -0.297475
99.4 -0.23193 0.681076 -0.629629 0.823345
99.5 -0.293904 0.654767 -0.608975 -1.19955
99.6 -0.353546 0.622373 -0.582965 1.13858
99.7 -0.410315 0.584154 -0.551494 -0.386115
99.8 -0.463661 0.540424 -0.5145 -0.37676
99.9 -0.513031 0.491554 -0.471997 -1.26495
#***********************
# Npart = 8
# U0 = 1
# T1 = 0.5
# T2 = 0
# timeSteps = 100000
# timeDim = 1000
# gamma1 = 1
# gamma2 = 1
# alpha = 0
# job_id = 0
# printTVR = 0
# basename = N_00008__U0_1.00__T1_0.5__T2_0.00__A_0.00__id_00000
# time seed = 1447552524
# dt = 0.001
# dt2 = 1e-06
# HB01 seed01_1 = 1804289383
# HB01 seed01_2 = 846930886
# HB02 seed02_1 = 1681692777
# HB02 seed02_2 = 1714636915
#***********************
