0 0 0
1 1 0.1
2 2 0.2
3 3 0.3
4 4 0.4
5 5 0.5
6 6 0.6
7 7 0.7
8 8 0.8
9 9 0.9
10 10 1
11 11 1.1
12 12 1.2
13 13 1.3
14 14 1.4
15 15 1.5
16 16 1.6
17 17 1.7
18 18 1.8
19 19 1.9
20 20 2
21 21 2.1
22 22 2.2
23 23 2.3
24 24 2.4
25 25 2.5
26 26 2.6
27 27 2.7
28 28 2.8
29 29 2.9
30 30 3
31 31 3.1
32 32 3.2
33 33 3.3
34 34 3.4
35 35 3.5
36 36 3.6
37 37 3.7
38 38 3.8
39 39 3.9
40 40 4
41 41 4.1
42 42 4.2
43 43 4.3
44 44 4.4
45 45 4.5
46 46 4.6
47 47 4.7
48 48 4.8
49 49 4.9
50 50 5
51 51 5.1
52 52 5.2
53 53 5.3
54 54 5.4
55 55 5.5
56 56 5.6
57 57 5.7
58 58 5.8
59 59 5.9
60 60 6
61 61 6.1
62 62 6.2
63 63 6.3
64 64 6.4
65 65 6.5
66 66 6.6
67 67 6.7
68 68 6.8
69 69 6.9
70 70 7
71 71 7.1
72 72 7.2
73 73 7.3
74 74 7.4
75 75 7.5
76 76 7.6
77 77 7.7
78 78 7.8
79 79 7.9
80 80 8
81 81 8.1
82 82 8.2
83 83 8.3
84 84 8.4
85 85 8.5
86 86 8.6
87 87 8.7
88 88 8.8
89 89 8.9
90 90 9
91 91 9.1
92 92 9.2
93 93 9.3
94 94 9.4
95 95 9.5
96 96 9.6
97 97 9.7
98 98 9.8
99 99 9.9
108 100 10.8
109 101 10.9
110 102 11
111 103 11.1
113 104 11.3
114 105 11.4
115 106 11.5
116 107 11.6
117 108 11.7
118 109 11.8
120 110 12
121 111 12.1
122 112 12.2
123 113 12.3
124 114 12.4
126 115 12.6
127 116 12.7
128 117 12.8
129 118 12.9
131 119 13.1
132 120 13.2
133 121 13.3
135 122 13.5
136 123 13.6
137 124 13.7
139 125 13.9
140 126 14
142 127 14.2
143 128 14.3
144 129 14.4
146 130 14.6
147 131 14.7
149 132 14.9
150 133 15
152 134 15.2
153 135 15.3
155 136 15.5
156 137 15.6
158 138 15.8
159 139 15.9
161 140 16.1
163 141 16.3
164 142 16.4
166 143 16.6
168 144 16.8
169 145 16.9
171 146 17.1
173 147 17.3
174 148 17.4
176 149 17.6
178 150 17.8
180 151 18
182 152 18.2
183 153 18.3
185 154 18.5
187 155 18.7
189 156 18.9
191 157 19.1
193 158 19.3
195 159 19.5
197 160 19.7
199 161 19.9
201 162 20.1
203 163 20.3
205 164 20.5
207 165 20.7
209 166 20.9
211 167 21.1
213 168 21.3
215 169 21.5
217 170 21.7
219 171 21.9
221 172 22.1
224 173 22.4
226 174 22.6
228 175 22.8
230 176 23
233 177 23.3
235 178 23.5
237 179 23.7
240 180 24
242 181 24.2
245 182 24.5
247 183 24.7
250 184 25
252 185 25.2
255 186 25.5
257 187 25.7
260 188 26
262 189 26.2
265 190 26.5
268 191 26.8
270 192 27
273 193 27.3
276 194 27.6
278 195 27.8
281 196 28.1
284 197 28.4
287 198 28.7
290 199 29
293 200 29.3
296 201 29.6
299 202 29.9
302 203 30.2
305 204 30.5
308 205 30.8
311 206 31.1
314 207 31.4
317 208 31.7
320 209 32
323 210 32.3
326 211 32.6
330 212 33
333 213 33.3
336 214 33.6
340 215 34
343 216 34.3
347 217 34.7
350 218 35
354 219 35.4
357 220 35.7
361 221 36.1
364 222 36.4
368 223 36.8
372 224 37.2
375 225 37.5
379 226 37.9
383 227 38.3
387 228 38.7
391 229 39.1
394 230 39.4
398 231 39.8
402 232 40.2
406 233 40.6
410 234 41
415 235 41.5
419 236 41.9
423 237 42.3
427 238 42.7
431 239 43.1
436 240 43.6
440 241 44
444 242 44.4
449 243 44.9
453 244 45.3
458 245 45.8
463 246 46.3
467 247 46.7
472 248 47.2
477 249 47.7
481 250 48.1
486 251 48.6
491 252 49.1
496 253 49.6
501 254 50.1
506 255 50.6
511 256 51.1
516 257 51.6
521 258 52.1
526 259 52.6
532 260 53.2
537 261 53.7
542 262 54.2
548 263 54.8
553 264 55.3
559 265 55.9
564 266 56.4
570 267 57
576 268 57.6
581 269 58.1
587 270 58.7
593 271 59.3
599 272 59.9
605 273 60.5
611 274 61.1
617 275 61.7
623 276 62.3
630 277 63
636 278 63.6
642 279 64.2
649 280 64.9
655 281 65.5
662 282 66.2
668 283 66.8
675 284 67.5
682 285 68.2
689 286 68.9
695 287 69.5
702 288 70.2
709 289 70.9
717 290 71.7
724 291 72.4
731 292 73.1
738 293 73.8
746 294 74.6
753 295 75.3
761 296 76.1
768 297 76.8
776 298 77.6
784 299 78.4
792 300 79.2
799 301 79.9
807 302 80.7
816 303 81.6
824 304 82.4
832 305 83.2
840 306 84
849 307 84.9
857 308 85.7
866 309 86.6
874 310 87.4
883 311 88.3
892 312 89.2
901 313 90.1
910 314 91
919 315 91.9
928 316 92.8
937 317 93.7
947 318 94.7
956 319 95.6
966 320 96.6
975 321 97.5
985 322 98.5
995 323 99.5
